     0
     0
     0
     0
     0
     0
     0
   280
     7
     7
     0
     8
    97
     0
    10
     0
     0
     0
    36
    31
     9
    44
     0
     0
     0
     0
     0
     0
     0
     0
     7
   262
     0
     0
     0
     9
   105
    22
    15
    11
     0
     7
    12
    38
    18
    14
     0
     0
     0
     9
     0
     0
     0
     0
     0
   243
    15
     0
     0
     0
    54
     0
     0
     6
     0
    15
    10
    44
    42
    39
     0
     0
     0
     0
     0
     0
     0
     0
     0
   262
     0
    31
     0
     0
    74
     8
     6
     8
     0
    16
    26
    33
    16
    13
     0
     0
     0
    28
     0
     0
     0
     0
     0
   224
     0
    26
    19
    17
   117
     8
     7
     0
     7
     0
     7
    25
    34
    20
    10
     0
     8
     0
     9
    15
     0
     0
     0
   154
   146
     8
    34
    13
     0
     7
     0
    92
    26
    25
     9
     8
    36
    31
    21
     0
     0
     0
     0
     0
     0
     9
     6
   125
   117
     0
    16
     0
     0
     0
     0
    79
    47
     0
     0
     9
    39
    24
    51
     0
     0
     0
     0
    11
     0
     0
     0
   181
    13
     0
     0
    15
    80
    10
     0
    18
    14
    26
    30
    38
    29
    44
     0
     0
     0
     0
     0
     0
     0
     0
     8
   245
     9
     7
     0
    10
    46
    14
     7
     9
     0
     7
    41
    29
     9
    16
     0
     0
     0
     0
     0
     0
     0
     0
     0
   227
     0
     0
     0
    10
    59
     0
    20
     7
     0
     0
    23
    41
    17
    17
     0
     0
     0
     0
     0
     0
    10
     7
     0
   168
    15
     0
    10
     0
    63
     0
     0
    19
     0
     6
    29
    25
    19
    47
     0
     0
     0
     0
     0
     0
     0
     0
     0
   219
    17
     7
     0
    17
    51
     7
    16
    15
     6
     7
     7
    24
    47
    13
     0
     0
     0
     7
     0
     0
     0
     9
     7
   206
   165
    17
     0
    20
    16
     0
    12
    42
    74
     0
     7
    19
    42
    12
    24
     0
     0
     7
     0
     0
     0
     7
     8
   135
   186
     8
     0
     6
     0
     0
    10
    73
    73
     0
     0
     0
    57
    19
    25
     0
     0
     0
     0
     0
     0
     0
     0
   263
    19
     0
     7
     0
    94
     0
     0
     0
     7
    18
    44
    21
    25
     8
     0
     0
     0
     0
     0
     0
     0
     7
     0
   296
    11
     0
     0
     0
    82
     0
     0
     0
     0
    18
    38
    26
    26
    11
     0
     0
     0
     0
     0
     0
     0
     0
     0
   274
     0
     0
     0
     0
    48
     0
    10
    15
     9
     8
    20
    15
    26
     7
     0
     8
     0
     0
     0
     0
     0
     0
     0
   225
    21
    24
     7
     0
   102
     0
     0
    10
     8
    11
    48
     9
    16
    34
     0
     6
     0
    12
     0
     0
     9
     0
     0
   275
     6
    14
     9
     9
    59
     0
     0
    27
     8
    14
    14
    22
    19
    10
     0
     0
     0
     6
     0
     0
     0
     0
     0
   126
   186
     0
     0
    17
     0
     0
     0
   101
    49
     0
     0
    19
    15
    28
    26
     0
     0
     9
    16
     9
     0
     0
     9
   181
   183
     8
     7
     9
    15
    21
     6
    65
    95
     8
     0
     6
    12
    50
    27
     0
     7
     9
     0
     0
     0
     0
     0
   251
     0
     0
     8
     0
    43
    13
     0
     0
     0
    18
    42
    45
    18
    24
     0
     0
     0
     0
     0
     0
     0
     0
     0
   217
    14
     0
     9
     0
    89
    17
     7
    17
     0
    13
    45
    24
     0
     0
     0
     0
     0
     6
     0
     0
     0
     0
     0
   155
     9
    12
    10
     6
    68
     9
     0
     0
     0
     0
    16
    10
    14
    16
     0
     0
     0
     0
     9
     0
     0
     0
     0
   239
     0
     9
    13
    11
    86
     0
     0
     0
     0
     9
     8
    57
     8
    10
     0
    10
     0
     0
     0
     0
     0
    11
     0
   287
     0
     0
     0
     9
    94
    10
    10
    10
     0
    10
    22
     0
    49
    34
     0
    20
     0
     0
    14
     0
     0
     0
     0
   125
    83
    20
     0
     0
    16
     7
    10
   105
   123
     7
    15
     0
    17
    24
    16
     0
     0
     0
     0
     0
     0
     0
     9
   126
   123
     0
     0
     0
     9
     0
     8
    73
    79
     0
    17
     9
    27
    27
    35
     0
     7
     0
     0
     0
     0
     0
     0
   273
     0
    36
     6
     0
   110
    10
    10
     0
     0
     0
    26
    27
    18
    60
     0
     0
     0
     0
     0
     8
     0
     0
     0
   320
     0
     7
     0
     6
   109
    36
     0
    19
     6
    11
    21
    25
     7
    43
     0
     0
     0
     0
     0
     0
     0
     0
     0
   330
    15
     7
     0
    12
    75
     0
     8
     0
     0
     8
    34
    41
    17
    23
     0
     0
     0
     0
     0
     0
     0
     0
     0
   256
     0
    24
     0
     0
    77
    12
     0
    14
     7
     0
    39
    20
     0
    15
     0
     0
     0
     0
     0
     0
     0
     8
     0
   221
     0
     0
     0
     0
   124
     7
     0
    11
    16
     0
    31
    14
     9
    10
     6
     0
     0
     0
     0
     0
     0
     0
     7
   128
   150
    16
    14
     8
     8
     0
     0
    79
    82
     9
     6
     0
    15
    40
    34
     9
     0
     0
     0
     0
     7
     9
     0
   129
    94
     0
     8
     7
     0
    28
     0
    86
    90
     0
    10
     0
    26
    34
    15
     0
     0
     0
     0
     0
     0
     8
     0
   188
     7
     9
    13
     0
    82
     9
     0
    11
    10
     9
    31
     0
    36
    19
     0
     0
     0
     7
     0
     0
     0
     0
     0
   292
     9
    28
    22
    11
   132
     0
     0
     8
     0
     7
    33
    17
    13
    32
     0
     0
     7
     0
     0
     0
    12
     0
     9
   231
    27
    10
     7
     0
    93
     7
    17
    11
     0
     8
    61
    21
    35
    18
     0
     0
     0
     0
     0
     0
     0
     0
     0
   214
     0
    35
     0
     0
    78
     0
     8
    22
     0
    16
    15
    52
     9
    16
     0
     9
     0
     0
     0
     0
     6
     0
     0
   234
     0
     0
     0
     0
   133
     9
     6
    25
     0
     0
    37
    23
    19
    17
     0
     7
     0
     0
    16
     0
     0
     0
    11
   135
   120
    10
     0
     0
     0
     0
     8
    50
   110
     0
     7
     0
     9
    14
    31
     8
    17
     0
     0
     0
     6
     0
     0
   161
    67
     0
    22
    10
     0
     0
     0
    90
   108
     0
     8
    16
    14
    46
    32
     0
    10
     6
     0
     9
     0
     0
     0
   290
    10
     0
     0
     0
    80
     0
     0
    17
    22
     0
     7
    38
    40
    26
     0
     0
     0
     0
     0
     0
     0
     0
     0
   259
     0
     0
     8
     7
    59
     9
     0
     0
     0
    11
    57
    24
    61
    27
     0
     0
     0
     0
     0
     0
     0
     0
     0
   269
     0
     0
     0
     6
   167
     0
     8
     0
     0
    12
    17
    18
    30
     8
     0
     0
     0
     7
     7
     0
     0
     0
     8
   248
    13
     0
     0
     7
   107
     0
    26
     0
     0
    18
    14
    30
     8
    39
    17
     0
     0
     0
     0
     0
     0
     0
     0
   288
     0
    24
     0
     6
    91
     0
    12
     0
    19
     0
    39
    49
    31
    34
     0
     6
    10
     7
     0
     0
     9
     0
    21
   160
   203
     7
     7
     0
     8
     9
    17
    56
   128
     0
     7
     7
    17
    34
    59
     0
     0
     0
     0
     0
     0
     0
     0
   167
   124
     7
    16
    19
     7
     7
     9
    50
    80
     8
     0
     0
    34
     0
    31
     0
     0
     0
     0
     0
     0
     0
     0
   249
     0
     6
    16
     0
    42
     6
     0
     0
     7
    10
    26
    35
     6
    23
     0
     8
     0
     0
     0
     0
     0
     0
     0
   169
    11
     0
     0
    14
    99
     0
     6
     0
     0
     0
    14
    29
    62
    33
     0
     6
     9
     6
     0
    10
     0
     0
     0
   361
     0
    12
    15
     9
   106
     0
     0
    10
     9
     0
     0
    24
    36
     0
     0
     0
     0
     0
     0
     0
     9
     0
     8
   223
     0
    14
    27
    23
   126
    17
     7
    11
     0
     0
    24
    50
    23
    45
     0
     0
     0
     0
     0
     0
     0
     0
     0
   355
     0
     0
     7
    29
    65
     6
     7
    10
     9
     0
    14
     0
    57
    16
     0
    10
     0
     0
     0
     0
     7
     7
     0
   172
   170
     0
    18
    21
     8
     9
     8
    51
    73
     0
     0
     9
    30
    47
    52
     0
     9
     0
     9
    15
     7
     0
     0
   148
   195
     0
     7
    16
     9
    18
    28
    80
    99
     6
     0
     0
    41
    45
    17
     0
     0
     0
     0
     0
     0
     0
     0
   280
     6
     9
     0
     9
    55
    18
     0
    14
     7
     0
     8
    24
    15
     0
     0
     0
     0
     0
     0
     0
     0
     0
     0
   282
     0
     6
     0
     0
    98
     8
     7
     0
     0
    10
    23
     6
    33
    14
     6
     0
     8
     0
     0
     0
     0
     9
     0
   211
     0
     6
    10
    10
    76
     0
     8
     0
     0
     0
    25
    26
    28
    13
     8
     0
     0
     0
     0
     0
     0
     7
     0
   221
    14
     0
    11
    19
    92
     8
     9
    16
     0
    10
    32
     9
    13
    11
     0
     0
     0
     0
     0
     0
     0
     0
     0
   291
    19
    19
     9
     0
    97
     0
     0
    16
     7
     0
    38
    31
    16
    18
     0
     0
     0
     0
     0
     9
     8
     0
     6
   172
   118
    10
     0
    11
    10
     0
    16
    62
    72
     9
    18
     0
    16
    28
    20
     7
     8
     0
     0
    10
     0
     0
     7
   185
   115
     7
    20
     9
    12
    18
     0
    67
    61
     0
     0
    10
    56
    44
    13
     7
     0
    11
     0
     0
     9
     0
     0
   297
     8
     8
     9
     6
    60
     0
     9
     7
     9
     0
    31
     0
    35
    32
     0
     0
     0
     8
     0
     0
     0
     0
     0
   249
     0
     9
     6
    18
   137
    19
     0
     0
     0
     8
    22
    21
    28
    28
     0
     0
     8
     0
     0
     0
     0
     0
     0
   261
    20
     6
     6
     8
    54
     6
     0
     0
     6
     0
    21
    28
    26
    13
     0
     0
     0
     0
     0
     0
     0
     0
     0
   213
     9
     7
    31
    27
    65
     9
     0
     7
    16
     0
     0
    22
    14
    16
     6
     0
     0
     0
     0
     0
     0
     0
     0
   224
     0
     0
    11
    19
    63
     0
     0
     0
     0
    16
    27
    22
     6
     0
     0
     0
     0
     0
     9
     0
     0
     0
     0
   169
   184
    19
    10
     0
    27
    16
    28
    63
    42
    19
     0
    12
    53
     7
    33
     0
     0
     7
     8
     8
     0
     0
     6
   213
   130
    15
     8
     0
     0
     0
    11
    87
   137
     6
     0
    19
    43
    27
    13
     0
     9
     0
     0
     0
     0
     0
     0
   252
     0
     7
     0
     0
    46
     0
     0
     0
     0
     0
     9
    15
     7
    42
     0
     0
     0
     0
     0
     0
     0
    11
     0
   212
     0
     6
     0
    17
   102
     0
     0
     6
    19
     0
    15
    46
    50
    54
     0
     0
     0
     0
     0
     0
     0
     0
     0
   265
     7
     8
     8
     0
    39
     8
     7
     0
     8
    10
    31
    43
    24
     6
     8
     0
     0
    10
     0
     0
     0
     0
     0
   284
     0
    21
    16
    17
    69
     0
    30
    18
     9
     0
    18
    28
    22
    41
     0
     0
     0
     0
     0
     0
     0
     0
     8
   275
    14
     0
    19
     8
    68
     9
     9
    10
     7
     0
    36
    15
    40
    23
     0
    22
     7
     0
     0
     0
     0
    10
     0
   167
   209
    14
     0
     0
     7
    22
     0
   103
    91
    13
     0
     8
    75
    28
    35
     0
     0
     8
     0
     0
     0
     9
     0
   140
   122
     0
     0
     0
     0
     6
     7
    64
    42
     6
     8
     0
    16
    51
    19
     0
     0
     0
     0
     0
     0
     0
     0
   320
    37
     7
     8
     0
   101
    11
    17
     9
     0
    22
    41
    51
    66
     9
     8
     0
     0
     0
     0
     0
     0
     0
     0
   251
     0
     0
     7
     9
    96
     7
    11
     0
     0
     0
    24
     0
    29
    36
     0
     0
     0
     0
     0
     0
     0
     0
     0
   297
    10
     8
     8
    15
   106
    17
     0
     9
    12
     9
    14
    19
    18
    20
     0
     0
     0
     8
     0
     0
     0
     0
     0
   255
     0
    10
     0
     8
   118
     6
     6
     0
     0
    11
    24
    17
    10
    40
     0
     9
    10
     0
     9
     0
     0
     0
     0
   209
    25
     9
     0
    10
   106
    17
    21
     8
     8
     0
    25
    16
    25
    42
     0
     0
    10
     0
     0
    13
     0
     0
     0
   141
   120
     9
     0
     0
     7
     0
     8
    62
    83
     0
     6
    24
    30
    28
    26
     0
     0
     0
     9
     9
     0
     0
     0
   123
   167
     8
     9
     0
     6
    14
    11
    56
   125
    24
     0
     7
    32
     8
    17
     0
     0
     8
     0
     0
     6
     0
     0
   264
    16
     0
     8
     0
    47
    18
    16
     8
     7
    15
    34
    19
     6
    15
     0
     0
     0
     0
     0
     0
     0
     0
     8
   222
     8
     0
     0
     7
    54
    11
     7
     9
     0
     0
    23
    40
    75
    25
     0
     0
     0
     0
     0
     0
     0
     0
     0
   327
    14
    17
    15
     8
    61
     0
     8
    11
    16
     6
    39
    30
    12
    24
     0
     0
     0
     0
     0
     0
     9
     0
     0
   269
    13
     6
     7
    16
    67
     0
     0
     0
     0
     0
    16
    30
    33
    10
     0
     0
     0
     0
     0
     9
     0
     0
     0
   268
     9
    17
     9
     0
    94
     0
     9
     9
     0
     0
    25
    19
     0
     8
     0
     9
     0
    10
     0
     8
     0
    17
     0
   142
   139
     0
     8
    20
     0
     0
     9
    87
    58
     0
    10
     8
    31
    17
    49
     0
     0
     0
     0
     0
     0
     0
     0
   143
   120
     8
    19
     0
     8
    12
     8
    25
    68
     0
     6
     0
    26
    21
     7
     7
     0
     0
     0
     0
     0
     0
     0
   308
    21
     9
     8
    11
    54
     8
     0
     0
     0
     0
    22
    28
    14
    19
     0
     0
     0
     0
     9
     0
     0
     0
     0
   195
     0
     6
     8
    15
   121
     0
     8
     8
     0
     0
    34
    13
     0
     0
     0
     0
     0
     0
     0
     0
     0
     0
     0
   309
     0
    26
     0
     8
    69
     0
    10
     0
     9
     0
    17
    34
    19
     8
     0
     0
     0
     0
     0
     0
     0
     0
     0
   219
    16
    19
     0
    17
    49
     0
     9
     9
     0
     7
    32
    37
    16
     0
     0
     0
     0
     0
     8
     0
     0
     0
     0
   221
     7
    18
     0
    11
    65
     9
    19
    15
    17
     0
    18
    19
    18
    28
     0
     6
     0
     8
    10
     0
     0
     0
     6
   193
   142
     0
     7
    38
     0
    18
     0
    71
    50
     8
     7
     0
    72
    24
     0
    10
     0
     0
     0
     8
     0
     0
     0
   214
   115
     7
     8
    19
    15
     0
     7
    72
    46
     0
     0
    11
    21
    34
     9
     0
     0
     0
     6
     0
     0
     0
     0
   254
     0
    10
     9
    11
    95
     0
     6
    25
    10
     9
     0
    32
     6
     7
     0
     0
     0
     0
     0
     0
     0
     0
     0
   268
     0
    10
     0
     8
    76
     6
     0
     0
    20
    18
    23
    30
    15
    21
     0
     0
     0
    10
     0
     0
     0
     0
    25
   313
    10
     0
    17
    11
    51
    18
     0
     0
    17
     0
    29
     0
    16
    41
     0
     0
     0
     0
     0
     8
     0
     0
     0
   294
     8
     0
    11
    20
    62
    43
     0
     0
     6
    14
    14
    31
    35
    20
     0
     0
     0
     0
     0
     0
     0
     0
     0
   241
     0
     0
     9
     0
    87
     6
     0
     0
     6
     8
    18
     7
    39
    24
     0
     0
     7
     7
     0
    10
     9
     0
    11
    95
   110
    15
     6
    13
    23
     0
     0
    78
    46
     0
    19
    10
    15
    47
    13
     0
     0
     0
     6
     0
     0
     7
     9
   138
   147
     0
     0
     7
    27
     0
    10
    55
    81
     0
     0
     0
    27
     9
    26
     0
     0
     0
     0
    10
     0
     0
     7
   270
    25
     0
     0
     0
    73
     9
    25
     0
     0
     0
     0
    28
     9
    48
     0
     0
    11
     0
     0
     0
     0
     0
     0
   298
     0
    18
    21
    26
    73
     0
     0
     0
     8
     7
    14
    13
    34
    29
     0
    10
     0
    17
     0
     0
     0
     0
     0
   216
     9
    20
     7
     0
   147
     0
     8
     0
     0
     0
    45
    35
    24
    47
    10
     0
     0
     0
     0
     0
     9
     0
     0
   310
    10
     0
    10
     0
    90
     0
     0
    10
     7
     0
    30
    18
    25
    34
     0
    10
     0
     0
     0
     0
     0
     0
     0
   219
     0
     0
     0
     7
   122
     0
     0
     0
     0
     8
     0
    19
    23
    27
     0
     0
     0
     0
     7
     8
     0
     6
     0
   152
    88
     7
     0
    10
     0
     9
     0
   126
    49
     0
    17
     0
     9
    24
     8
     0
     0
    15
     0
     0
     0
     0
     0
   115
   152
     9
    17
     0
     8
    24
     6
    94
    55
     0
     0
     0
    53
    35
    53
     0
     7
     0
     0
     0
     9
     6
     7
   308
     0
     8
    15
    14
    67
     6
     0
     8
     0
     0
    19
    16
    20
    32
     0
     0
     0
     0
     8
     0
    19
     0
     0
   313
     9
     0
     0
     0
    67
     8
     0
     0
    19
    28
    17
    44
    27
     9
     0
     0
     0
     0
     0
     0
     0
     0
     0
   198
     9
     6
     0
    31
    84
     0
    23
     8
    35
    17
    27
     0
    38
    15
     0
    19
     0
     0
     0
     0
     6
     0
     6
   174
     0
     7
     0
     9
    59
    12
     9
     0
     7
     0
    39
    17
    27
    41
     0
    12
     0
    10
     0
     0
     9
     0
     0
   300
     7
     8
     0
     0
    93
     0
     0
    19
     0
    16
     7
    27
    19
    48
     0
     8
     0
     0
     0
     0
     6
     0
     0
   134
   132
     7
     0
     0
     7
     0
    18
    52
    58
    14
     9
     0
    33
    25
    23
     0
     0
     0
     0
     9
     7
     0
     0
   104
   111
    18
    10
     0
    13
     0
    11
    68
   100
     7
     0
    24
    39
    41
    34
     0
     0
     0
     0
     0
     0
     0
     9
   230
    18
     6
    15
     0
   115
    11
     0
     9
    10
     0
    15
    10
     8
    49
     0
     0
     0
     0
     0
     0
     0
     9
     8
   278
     7
     0
     0
    21
   112
    11
     0
     7
     7
     0
     0
    24
    54
    26
     0
     0
     0
     0
     0
     0
     0
     0
     8
   131
     6
    10
     6
     0
    78
     0
     0
     0
     0
     0
    15
    17
    33
     7
     0
     0
     0
     0
     0
     0
     0
     8
     0
   216
     0
     8
    18
    18
    92
    12
     0
     0
    22
     0
    22
    18
    16
    32
     0
     0
     8
     0
     0
     0
     0
     0
     0
   300
     0
     0
    14
     0
   112
     0
     6
     0
    15
    21
     0
    21
    17
    16
     0
     0
     9
     0
     0
     0
     7
     6
     0
   150
   175
     0
     0
     0
     0
     0
    10
    75
    68
     0
     8
     0
    34
    45
    56
     0
     8
     0
     0
     0
     0
     7
     7
   134
   105
     0
     7
     0
     6
    21
     0
    60
    71
     0
    17
     8
     8
    10
    40
     0
     0
     0
     0
     0
     0
     0
     0
   239
     0
     0
     0
     7
    55
     0
     6
     0
    17
     9
    17
    43
    31
    47
     0
     0
    10
     0
     0
     9
     0
     0
     0
   270
    10
    25
     8
     0
    67
     8
     0
     0
     7
     0
    32
     7
    39
    53
     9
     0
     0
     0
     9
     0
     0
     0
     0
   246
     8
     0
     0
    11
    74
     0
     0
     8
    13
    19
    35
    29
     8
    40
     0
     0
     0
     9
     0
     0
     0
     0
     6
   310
     0
     7
     0
     0
    86
    17
     0
     0
     0
     0
    39
    38
    34
    12
     0
     7
     0
     6
     0
     0
     8
     0
     0
   300
     0
     0
     6
     0
    42
     8
     0
     0
     6
     7
    18
    41
     0
    33
     7
     7
     0
     9
    12
     0
     0
     0
     0
   117
   100
     8
     6
     0
     0
    18
     0
    85
    42
    18
     0
     0
     9
    38
     8
     8
     9
     0
    11
     0
     0
     8
     0
   192
   121
    18
    17
    10
     0
     6
     8
    55
    53
    10
     0
    17
    32
    35
    80
     0
     0
     0
     0
     0
     0
     0
     0
   291
    29
     0
     0
     0
    41
     8
     7
     0
     0
     0
    17
    17
    34
     8
     0
     0
     0
     0
     0
     0
     0
     0
     0
   214
    16
     6
     0
     0
    46
    19
     0
     9
     8
    16
    55
    16
     8
    24
     0
    12
     0
     0
     0
     0
     9
     0
     0
   170
     0
     0
    16
     0
    81
     9
    12
    10
     0
     0
    17
     8
     6
    17
     0
     0
     0
     0
     7
     0
     7
     0
     0
   277
     0
     8
    13
     8
    76
     7
     0
    15
    10
     0
    16
    38
     8
    13
     9
     0
     0
    10
     0
     0
     0
     0
     6
   221
     0
     0
     0
    13
    36
     8
     0
     7
     0
     0
     9
    20
    23
    34
     0
     7
     0
     0
     0
     0
     9
     0
    11
   200
   119
    14
     0
     0
     7
     9
     0
    67
    74
    15
    14
    24
    19
    47
    55
     0
     0
     0
     0
     9
     0
     0
     0
    99
   176
     9
     7
    11
     0
     0
    14
    22
    42
     0
    19
    15
    38
    42
    15
     0
     0
     0
     0
     0
     0
     0
     0
   245
    15
     0
    11
     0
    47
     0
     0
    10
    11
     0
     0
    42
    44
    45
     0
     0
    14
     0
     0
     0
     8
     0
     0
   212
     6
     6
    18
     7
   124
     0
    25
     0
     0
     0
    18
    24
    10
    16
     0
     0
     0
     0
     0
     0
     0
     0
     0
   238
    16
    16
     0
    19
    71
    10
     0
     7
     0
     0
    39
    21
    45
    71
     0
     0
     0
     0
     0
     0
     0
     0
     9
   255
    18
     0
     0
    10
    53
     9
     6
    10
     9
     0
    17
    14
    23
    16
     0
     0
    17
     0
     0
     0
     0
     8
     0
   277
     6
     0
     0
    10
    78
     0
     0
    11
     0
     9
    25
     8
    13
    21
     0
     0
     0
     0
     0
     0
     0
     0
     0
   113
   149
     0
    20
     0
     7
     6
    10
    64
    67
     0
    18
     6
    25
    46
    61
    21
     0
     9
     0
     0
     0
     0
     0
    96
   164
     0
     0
    24
     8
     0
     0
   103
    27
    20
    23
    13
    17
    15
    16
     0
     0
     0
     0
     7
     0
     0
     0
   149
     0
     0
     8
    19
    69
     0
     0
     0
     0
    26
    26
    42
    27
    36
     0
     0
     0
     0
     0
     0
     0
     0
     0
   199
    10
     0
     9
     0
    91
     0
     9
     0
     7
     0
    25
    69
    29
    20
     0
     0
     0
     0
     0
     0
     0
     0
     0
   232
    11
     0
     0
     6
    91
     0
     7
     7
    10
     6
     9
     9
    26
    64
     0
     0
     0
     0
     0
     0
     8
     0
     0
   247
     8
     7
     0
     7
    60
     0
     0
     0
    18
     7
    33
    15
     7
     0
     0
     0
     0
     0
     0
     0
     0
     0
     0
   340
     0
    22
     0
    15
    67
     6
     0
     8
     0
     6
     6
    15
     7
    44
     0
     0
     0
     0
     0
     8
     0
     0
     9
   111
    98
    16
     0
     0
     9
     0
     0
    65
    63
    11
     0
     7
    40
    24
    20
     0
     0
     0
     9
     0
     6
     0
     0
   135
   153
     9
    13
     8
     0
    12
     8
    68
   113
    26
    12
     0
    21
    65
    13
     0
     0
     0
     0
     0
     0
     0
     0
   257
    22
     0
     9
     7
   104
    10
    10
     0
     0
     0
    36
    38
    39
    26
     0
     0
     0
     0
     0
     0
     0
     7
     0
   243
    18
     0
    15
    18
   105
     0
     0
     9
     6
     0
    24
    43
    34
     7
     0
     0
     9
     0
     0
     0
     0
     9
     0
   167
     9
     0
     0
     9
    35
    10
     0
    16
    36
     7
    11
    24
     0
    44
    10
     0
     8
     0
     0
     0
     0
     0
     0
   202
     0
     0
     0
    18
    84
     6
     0
     0
     0
     0
    51
    22
     0
    13
     0
     0
     0
     0
     0
     0
     0
     0
     0
   336
    10
     6
     0
     0
    51
     0
     0
    16
    16
    17
    31
     0
    39
    33
     0
     8
     0
     9
     0
     0
     0
     0
     8
    87
   169
    17
    13
     0
    11
     9
    17
    45
    76
    10
     0
     8
     8
     8
    21
     0
     0
     0
     0
     9
     6
    11
     8
   139
   188
     8
     0
     0
    19
    21
     8
    80
    83
    16
    17
     0
     0
    36
    40
     0
     0
     0
     0
     0
     0
     0
     0
   241
     7
     9
     0
     0
    76
     0
     9
     0
    25
     6
    18
    42
     7
    18
     0
     0
     0
     0
     9
     9
     0
     0
     7
   275
     0
     0
     0
     8
    15
     0
     8
     0
     0
    15
    23
    37
    30
     0
     0
     0
     7
     0
     0
     0
     0
     7
     0
   236
     0
     0
     0
    18
    55
     0
     0
    14
     6
    14
    18
    16
    17
    25
     0
     0
     0
     0
     0
     0
     0
     0
     0
   244
     0
    34
    14
     0
    64
    10
     0
     7
     0
     0
    20
    34
    10
     8
     0
     0
     0
     0
     0
     0
     0
     0
     0
   190
     0
     9
     6
    10
    73
     7
     0
     9
     0
     0
    43
    18
    27
    32
     0
     0
     0
     0
     0
     0
     0
    11
     8
   125
    98
     8
    24
     0
    24
     7
     6
    51
    59
    15
     0
     8
    23
    33
     9
     0
     0
     9
     0
     0
     0
     0
     0
   202
   139
     6
     0
    22
     0
     0
     0
    55
    60
     0
     9
     8
    11
    32
     6
     0
     0
     0
     0
     0
     8
     0
     0
   183
     0
    15
    16
    13
    67
     8
    13
    10
     9
     9
    36
    19
    16
    30
     0
     0
     0
     0
     0
     0
     0
     0
     0
   204
     0
     0
    11
     0
    58
     8
     0
     8
     0
     0
    59
    38
    29
     0
     0
    10
     8
     0
     0
     0
     0
     0
     0
   215
     6
     9
     0
     9
    68
     0
     0
     0
     0
     8
    25
    32
    28
    31
     0
     0
     0
     0
     0
     0
     0
     0
     0
   255
     0
    11
     8
     0
    87
     0
     0
     0
     0
     0
    20
    10
    31
     0
     0
     0
     0
     0
     0
     0
     0
     9
     0
   213
     0
     0
     6
     0
    56
     0
     0
    16
     0
     0
    10
     0
     9
    30
     0
     9
     0
     0
    10
     0
     0
    12
     0
   147
   125
     0
     7
     7
     0
     0
    10
    43
    74
     8
    11
    17
    25
    38
     0
     0
     0
     0
     0
    10
     0
    10
     0
   164
   103
    11
     8
    15
     0
     6
     0
    95
    55
     0
     0
     7
    22
    20
    43
     0
     0
     0
     0
     0
     0
     0
     0
   174
     0
     0
     9
    16
    53
     0
     0
    17
     6
     0
     0
     9
    49
     0
     0
     0
     0
     0
     0
    11
     0
     0
     0
   258
     0
     8
     0
     0
    43
     0
     0
     0
     0
     8
    18
    17
     0
    44
     0
     0
    10
     0
     0
     0
     0
     0
     0
   254
    10
    12
     8
     7
   115
     7
     0
     0
     0
    11
    45
    37
    33
     8
     0
     0
     0
     0
     0
     0
     0
     0
     0
   163
    12
     0
     0
     9
   130
     7
     8
     0
     0
     6
    32
    16
    16
    25
     0
    20
     0
     0
     0
     0
     0
     0
    11
   244
    11
     0
     7
     0
    29
     0
     6
     0
     0
     0
    18
    16
    20
    19
     0
     9
     0
     0
    10
     0
     0
     0
     0
   164
   138
     0
     9
     6
     9
     0
     0
    61
     7
     0
    10
    11
    26
     6
    15
     9
     0
     0
     9
     8
     0
     0
     0
   164
    97
     0
     0
    16
     0
     9
    12
    54
    89
     0
     9
     9
    18
    18
    19
     0
     0
     0
     0
     0
     0
     0
     0
   247
     7
     7
     0
     0
    74
    16
     0
     0
     0
     0
    41
    56
    24
    15
     0
     0
     6
     0
     0
     0
     0
     0
     0
   218
     0
     0
     0
     0
    87
     0
     0
     0
     0
    12
    40
    28
    40
    10
     0
     0
     7
     0
     0
     0
     0
     0
     0
   175
     9
     0
    21
     0
    90
     0
     0
     0
     0
     8
    36
     7
     7
    15
     0
     0
     0
     8
     6
     0
     0
     0
     0
   209
     7
     0
     6
    16
    86
     0
     0
    20
     0
     8
    32
    20
    35
     0
     0
     0
     0
     0
     0
     0
     0
     0
     0
   209
     9
     0
    15
     0
    95
     8
     0
    10
     8
     8
    26
     9
    14
    14
     0
    15
     0
     0
     0
     0
     0
     0
     0
    52
   149
    26
    11
     8
     0
     0
     9
    44
   135
     9
     0
    10
     6
    19
    36
    10
     0
     0
     0
     0
     0
     0
     0
   138
   133
     0
     0
    11
     7
     0
     0
    67
    31
     9
     7
    22
    25
    23
    16
     0
     0
     0
     0
     0
     0
     0
     0
   162
     0
     7
     0
    10
    56
     9
     0
    10
     0
     7
    10
    24
    25
    21
     0
     0
     0
    12
     0
     0
     0
     0
     0
   184
     0
     0
    15
     0
   109
     0
    18
     0
     6
     0
    11
    34
    17
    23
     0
     0
     0
     0
     0
     0
     0
     0
     0
   233
     0
     0
    29
     9
    72
    10
     0
     0
     0
    15
    35
     9
     0
    39
     0
     0
     0
     0
     0
     0
     0
     0
     0
   212
     0
    16
    10
     0
    60
     0
     0
     0
     8
     0
    34
    16
     7
    22
     0
     0
     0
     0
    11
     0
     0
     0
     0
   238
     7
     0
     0
     0
    74
     0
     8
     0
     8
    17
     0
    18
    27
    40
     0
     0
     0
     0
     0
     0
     0
     0
     0
   118
   139
    12
     8
     0
    35
    32
     6
    72
    66
    27
     9
     0
    22
    25
    48
     0
     0
     0
     0
    17
     0
     0
     0
   111
    98
    10
     9
    10
     8
    10
    12
    58
    68
    18
    19
     0
    25
    27
    38
     0
     0
     0
     0
     0
     0
     0
     0
   180
     0
    19
     0
     0
    44
     0
     7
     0
     7
     0
     8
    20
    27
    29
     0
     0
     0
     0
     0
     0
     0
     0
     0
   263
     0
    18
     8
    15
    62
     8
     0
    11
    15
     9
    25
     9
    20
     6
     0
     0
     0
     0
     0
     0
     0
     0
     8
   246
     0
     0
     0
     7
    40
     8
     8
    16
     0
    10
    15
     7
    36
     0
     0
     0
     0
     0
     0
     0
    10
     0
     0
   193
     9
     7
     0
     0
    74
     8
     0
     6
     0
    14
    16
    10
     7
    52
    13
     0
     0
     0
     0
     8
     0
     0
     0
   265
     0
     8
     0
     0
    63
     0
     0
     0
     7
     0
    15
    11
    15
    15
     0
     0
     0
     0
     0
     0
     0
    10
     0
   127
   118
     8
     0
    15
     0
     0
    20
    87
    35
     0
     0
    10
    10
    34
    29
     0
     0
     0
     0
     0
     0
     0
    11
    97
   115
    23
    10
     8
     8
     0
     0
    38
    19
    19
     9
    11
    35
    28
    16
     0
     0
     8
    12
     0
     0
     0
     0
   258
     7
     7
     0
     0
    32
    10
    16
     0
     0
     0
    20
    61
    19
     7
     0
     0
     0
     0
     0
     0
     0
     0
     0
   185
     0
     8
    18
    10
    91
     8
     0
     0
    16
     9
    10
     9
    29
    18
     0
     0
     9
     0
     0
     8
     0
     0
     0
   216
     8
     0
     0
     0
    53
     0
     0
     7
     8
     7
    35
    23
     0
    14
     0
     0
     0
     0
     0
     0
     0
     0
     0
   252
    11
    16
    10
     0
   123
     0
    11
     9
    16
     0
    48
    32
    36
     7
     0
     0
     0
     6
     0
     0
     0
     0
     0
   207
     0
     0
    12
    15
    89
     0
     8
    18
     0
     0
    20
     8
     6
    35
     0
    11
     0
    10
     7
     0
    11
     0
     0
   105
   141
     0
     0
     0
     0
     0
    12
    30
    39
    14
     0
     0
     7
    36
    43
     0
     0
     0
     0
     0
    10
     8
     0
   160
    63
     0
    12
    18
     7
     0
    18
    59
    74
     0
     0
    13
    57
    28
    27
     0
     0
     0
     0
     0
     7
     7
     0
   186
     9
     0
     0
     0
   105
     0
     0
     7
    12
     0
    20
     8
    20
     6
     0
     0
     0
     0
     0
     0
     0
     0
     0
   192
     0
    10
     9
     8
    49
     0
     8
     0
     0
     0
     7
    14
    22
    16
     0
     0
     0
     0
     0
     0
     0
     0
     0
   157
     0
     0
     0
     7
    39
     7
     8
     0
     7
     0
    11
    24
    13
    18
     0
    11
     8
     0
     0
     0
     0
     0
     0
   188
    10
     0
    12
     0
    91
     9
     0
    16
     0
    31
    29
    26
    24
    35
     0
     0
     0
     0
     0
     0
     0
     8
     0
   218
     0
     0
    22
     0
   115
     9
    17
     0
     0
     6
    23
    40
    16
    24
     0
     0
     0
     0
     0
     0
     9
    18
     0
    82
   134
     7
     9
     8
     0
     0
     0
    72
    70
     0
     0
    17
     9
    45
    27
     0
     0
    10
     0
     0
     9
     9
     0
   103
   152
     0
     0
     9
     8
     0
     9
    23
    78
    24
     7
     0
     0
    24
    27
     0
     0
     0
     0
     0
    10
     0
     0
   255
     8
     7
     8
     0
    57
     0
     0
     0
     0
     0
    19
    93
    34
     6
     0
     0
     0
     0
     0
     0
     0
     0
     0
   230
     0
     0
     0
     0
    53
     0
     0
    19
     8
     0
     0
     0
    19
     0
     0
     0
     0
     0
     0
     0
     0
     0
     0
   157
     0
     0
     0
     9
    97
     0
    10
     0
    11
     8
    15
    59
     7
    47
     6
     0
     0
     0
     8
     0
     9
     0
     7
   225
    11
     9
     9
    15
    36
     0
     0
     7
     0
     0
     9
    62
     9
    37
     0
     0
     0
     0
     0
     0
     0
     0
     0
   213
     0
     7
     6
     8
    59
     0
     0
    24
     0
     7
     7
    27
    39
    49
     0
     0
     0
     0
     0
     0
     0
     0
     7
   109
    77
    27
     0
     8
     0
    10
    15
    73
    37
     8
     0
     0
    31
     8
    38
     0
    11
    10
     0
     0
     0
    11
     0
   146
   159
     0
     0
     0
     0
     0
     0
    45
    45
     9
    16
     7
    37
     0
    46
     0
     0
     0
     0
     0
     0
     0
     0
   209
    14
    23
     8
    11
    79
     0
     0
    10
     0
     9
    39
    53
    26
     9
     0
     0
     0
     0
     0
     0
     0
     0
     0
   179
    10
     7
     0
     7
    67
     0
    22
     0
     6
     0
     0
    32
    29
     8
     0
     0
     0
     0
     0
     0
     0
     7
     0
   170
     0
     0
     9
    16
    65
     9
     0
     8
     0
     0
    25
    58
    25
    11
     0
     0
     0
     0
     0
     0
     0
     0
     0
   228
    16
     0
     0
    14
    60
     0
     7
    14
     0
     0
    44
     8
     8
    43
    13
     0
    19
     0
     0
     0
     0
     0
     0
   223
     0
     0
     0
     0
    60
    20
    18
     0
     0
    11
    13
    20
    17
    63
     0
     0
     0
     0
     0
     0
    16
     0
     0
   116
   133
     6
     9
     0
     8
     6
     0
    58
    93
    12
    11
    18
    51
    15
    34
     8
     0
    19
     0
     0
    10
     0
     7
   106
    95
     9
     0
     0
    18
     0
     0
    62
    39
    12
    10
     7
     8
    19
    23
     0
     0
     0
     0
     9
     0
     0
     0
   242
     9
    10
     7
     7
    71
     0
     0
     0
     0
     0
    24
    36
     8
    21
     0
     0
     0
     0
     0
     7
     0
     0
     0
   209
     7
     9
     0
     0
    90
    11
    20
     0
     6
    11
     7
    35
    16
    19
     0
     0
     0
     6
     0
     0
     0
     0
     0
   172
     0
     0
     0
    14
    99
     6
     0
    23
     0
     9
    16
    28
    17
    12
     0
     0
     0
     0
     0
     0
     0
     0
     0
   219
     0
     6
     0
     0
    57
     8
     0
     0
     0
    16
     6
    16
    16
    29
     0
     0
     0
     0
     0
     0
    10
     0
     0
   146
     0
    16
    12
     0
    47
     6
    25
     0
     9
     0
    19
    36
     9
     7
     0
     0
     0
     0
    12
     0
     0
     8
     0
   121
    88
     0
     0
    17
     8
     0
     0
    66
    47
    12
     0
    15
    17
    17
    33
     0
     7
     0
     6
     0
     0
     0
     0
   176
    84
     0
     7
     0
     0
     0
     0
    65
   100
    19
     7
     0
     7
    26
     6
     0
     0
     0
     0
     0
     0
     0
     0
   247
    19
    26
    25
     0
    89
     0
     0
     0
    32
     0
     9
    36
    17
    39
     6
     0
     0
     9
     0
     0
     0
     0
     0
   260
    11
    13
     9
     7
    56
     0
     0
     9
     0
     0
     0
    25
     0
    20
     0
     0
     0
     0
     0
     0
     0
     8
     0
   161
     0
     0
     0
     0
    81
     0
     6
     0
     0
     8
    38
     9
     0
    42
     7
     0
     0
     0
     8
     0
     0
     0
    11
   223
    15
     0
     0
    13
    52
    10
     9
     0
     0
     0
    25
     6
    32
    24
     0
     0
     0
     9
     0
     0
     0
     0
     0
   221
     8
     0
     0
     6
    83
     7
     7
     0
     7
    11
    49
    15
    32
    34
     0
     0
     0
     6
     0
     0
    10
     0
     0
    86
    87
     7
     7
     0
     0
     6
     8
    53
   116
     0
     8
     0
    22
    18
    35
     0
     8
     0
     0
     0
     0
    15
    11
   161
   147
     0
    17
    24
     0
    10
     7
    53
    64
    15
    21
     0
    36
     8
    21
     0
     0
     0
     7
     0
     0
     0
     0
   275
     6
    10
     0
    15
    67
    10
     0
     8
     0
     7
    47
    25
    51
     9
     0
     6
     0
     0
     0
     0
     0
     0
     0
   225
     0
     0
     8
     0
    70
     0
    11
     0
    11
    10
    26
    17
    30
    29
    10
     0
     0
     0
     0
     9
     0
     0
     0
   123
    13
    29
     0
     0
    91
     0
    10
     0
     0
    10
    24
    24
    36
    21
     0
     0
     0
     0
     0
    11
     0
     0
     0
   253
    25
     0
     0
    11
    56
     8
    19
    20
    33
    10
    13
    35
    11
    17
     0
     0
     0
     7
     0
     0
     0
     8
     0
   201
     0
    11
     0
     7
    61
     0
    17
     9
     7
     0
    32
    26
    35
    15
     8
     7
     0
     0
     0
    12
     0
     0
     0
   131
   183
    10
     0
     0
     9
    18
     7
    29
    58
     7
    13
    24
    15
     9
     7
     0
     0
     7
     9
     0
    16
     0
    10
   122
    88
     0
     6
     7
     0
     0
     0
    41
    56
     0
    23
     0
    22
    23
     8
     0
     0
    10
     0
     0
     0
     0
     0
   251
     0
     0
     8
     7
    50
    17
     0
     0
     0
     0
    14
    40
    46
    18
    11
     8
     0
     0
     0
     0
     0
     0
     0
   233
     6
     9
    10
     0
    74
     0
     6
     0
     0
     0
    38
    15
    26
    40
     0
     0
     0
     0
     0
     0
     0
     0
     0
   185
     8
     9
     0
     0
    80
     8
     0
    18
     0
     9
    30
    14
    18
     6
     0
     0
     0
     0
     0
     0
     0
     0
     0
   229
     6
     0
     7
     0
    89
     0
    10
    17
     0
     7
     0
    44
    25
    10
     0
     0
     0
     0
     0
     0
     0
     0
     0
   281
     9
    10
    17
    11
    97
     0
     7
     0
     0
     9
    38
    27
    30
    15
     0
     0
     0
     0
    12
     0
    11
     0
     0
   111
   138
     0
    24
     0
     0
    10
     0
    48
    51
     0
     0
     7
    32
    31
    34
     0
     0
     0
     0
     0
     7
     0
     0
   107
    92
    16
    19
     7
     0
     0
     0
   107
    34
     0
     0
     6
    28
     7
    56
     0
     0
     0
     0
     0
     6
     0
     0
   273
     7
     0
     0
     9
    67
     0
     0
     0
     0
     9
    39
    22
    26
    17
     7
     0
     0
     0
     0
     0
     0
     9
     8
   226
     6
    27
    14
    17
    88
     0
     0
    13
     0
     6
    19
    16
    34
    44
     0
     0
     0
     0
     0
     0
     0
     8
     0
   161
     0
    17
    11
     7
    50
     0
    17
     8
     0
     8
    40
     0
    32
    41
     0
     0
     0
     0
     0
     0
     0
     0
     0
   278
     0
     0
     0
     0
    33
     6
     0
     8
     6
     0
    26
     0
    13
    33
     0
     0
     0
     0
     0
     0
     0
     0
     0
   295
    15
     0
     0
     0
    85
     9
     7
     0
     0
     0
    23
    53
    15
    17
     0
     8
     0
     0
     0
     0
     9
     0
    16
   151
   145
     0
     0
     0
     8
    10
     0
    49
    73
     0
     7
    19
    40
    49
    38
     0
     0
     0
     0
     0
     8
     0
    10
   101
   111
     0
     8
     0
    18
     9
     0
    72
    80
     0
     8
     0
    16
    24
    11
     0
     0
     0
     0
     0
     0
     0
     9
   180
     0
    12
     0
     6
    70
    10
    11
     0
     8
    17
     8
     7
    34
    38
     0
     0
     0
     0
     0
     0
     0
    10
     0
   284
     0
    10
     0
     0
   112
     6
     0
     0
     0
     8
    44
    24
    32
    16
     0
     0
     0
     0
     0
     0
     0
     0
     0
   228
    10
     0
     9
     9
    81
    26
     7
     0
    17
    17
     8
    43
    24
    15
     0
     0
     0
     0
     0
     0
     0
     0
     0
   278
    15
     7
    10
     6
    90
     8
    20
     8
    18
     9
    26
    14
    18
    27
     0
     0
     0
     0
     9
     0
    12
     0
     0
   169
     9
     7
     0
     9
    65
     0
     0
    16
     0
     0
    17
    11
    26
    41
     0
     0
     0
     0
     0
     6
     0
     0
     0
    84
   134
    10
    16
    10
     6
     6
     8
    57
    82
     7
     0
    18
    15
    52
    26
     0
     0
    10
     0
     8
     0
     0
     0
   120
   106
     0
     0
    10
     0
     0
     0
    61
    80
     0
     0
    17
    44
    23
    17
     0
     0
     0
     0
     0
     0
     0
     0
   240
     9
     0
     0
     6
    32
    20
     6
    13
     0
     0
    33
     9
    30
    50
     0
     0
     0
     0
     0
     0
     0
     6
     0
   144
     0
     0
     8
     0
    71
     9
     0
     0
     0
     0
    37
     0
    19
    26
     0
     0
     0
     0
     6
     7
     0
     0
     0
   241
     0
     0
    24
     0
    53
     6
     7
    15
     7
    19
    14
    16
    25
    10
     7
     0
     0
     0
     0
     0
     0
     0
     0
   221
     0
     0
    10
     0
    75
     0
     9
     6
     9
    10
     7
    16
     7
    24
     0
     0
     0
     0
     0
     0
     0
     0
     0
   214
    17
     0
    10
     0
    64
     0
     0
     9
     0
     0
     7
    20
    33
     7
     0
     0
     0
     9
     0
     8
     0
     0
     0
   139
   110
     0
    18
     0
     0
     0
     0
    85
    71
     8
    23
     0
    18
    56
     7
     0
     0
     0
     0
     0
     0
     0
     0
   132
   134
     0
     0
    10
     6
     0
     9
    33
    64
    16
     9
     0
     0
     6
    33
     0
     0
     0
     0
     0
     0
     8
     0
   224
     0
    15
     0
     8
    96
     0
    13
     0
     0
     0
     7
    34
     0
    41
     0
     0
     0
     0
     0
    11
     8
     0
     0
   180
     0
     9
     0
     9
   108
    12
     0
     8
     8
     9
    47
    23
    16
    15
     0
     0
     0
     0
     9
     7
     0
     8
     0
   290
     8
     0
    26
     7
   114
     0
    10
    15
     0
     0
    19
    18
    31
     8
     0
     0
     0
     0
     0
     0
     0
     0
     0
   218
     9
     0
    16
     0
    91
     0
     0
     0
     0
     6
    23
    27
    10
    16
     0
     0
     0
     0
     0
     8
     0
     0
     0
   145
     0
     6
     0
     0
    54
     0
     6
     0
    18
     0
    18
     9
    27
     9
     0
     0
    20
     0
     0
     7
     0
     7
     9
    93
   177
    11
     6
     9
    15
     9
     0
    50
    52
     0
     0
     0
    17
    36
    18
     9
     0
    21
     0
     7
     6
     0
     0
   146
   143
     0
     0
     0
    17
    21
    17
    38
    50
     0
     7
    15
     7
    31
    33
    10
     9
     9
     7
     0
     0
     0
     0
   182
     7
     0
     0
    39
    52
    17
     8
     8
     9
     9
    43
    18
     8
    25
     0
     0
     7
     0
     0
     0
     0
     0
     0
   271
     0
     0
     0
    15
    71
     0
    14
     8
     7
     0
    17
    25
    33
    26
     0
     0
     0
     0
     0
     0
     0
     0
     0
   174
     0
     9
     0
     0
   102
     0
    12
     8
     0
     0
    15
    19
    24
    34
     0
     0
     0
     0
     0
     0
     0
     9
     0
   174
    28
     0
     0
     0
    74
     0
     8
     0
     0
     8
    29
    24
    69
    33
     7
     0
     0
     0
     0
     0
     0
     0
    12
   190
     9
     0
    20
    16
    38
    20
     9
     7
     0
     8
    16
    26
    17
     8
     0
     0
     0
     6
     0
     8
     0
     0
     0
   142
   116
     0
     8
    27
     9
     6
     8
    17
    31
     0
     0
     9
    29
    44
    32
     0
     0
     0
     0
     0
     0
     0
     0
   144
   103
     0
     0
     0
    16
    11
     8
    61
    43
     0
     0
     0
    29
    23
    19
     0
     0
     0
     0
     0
     0
     0
     0
   236
    20
    30
     0
     7
    35
     0
     0
     0
    18
    30
    21
    36
    19
    15
     0
     0
     0
     0
     8
     7
     0
     0
     8
   234
     0
     0
    23
     0
    95
    21
    10
     6
     9
     0
    40
     9
    38
    34
     0
     0
     6
     0
     0
     0
     0
     0
     0
   227
     8
     0
     9
    28
    66
     9
    11
    11
     0
     0
    20
    15
    19
    21
     0
     0
     0
     0
     0
     0
     0
     0
     0
   236
    17
     7
    10
     6
    65
     0
     0
     9
     0
    15
    17
     0
     7
    25
     0
     0
     0
     0
     0
     0
     0
     0
     0
   193
     0
     0
     6
    14
    87
     0
     6
     0
     0
     6
    24
     0
    37
    25
     0
     0
     0
     0
    10
     0
     6
     8
     7
   108
   166
     7
     0
     0
     6
     0
     0
    82
   111
    17
    27
     0
     8
    17
    13
     0
     8
     0
     0
     0
     0
     0
     0
   167
   187
     7
     0
     0
     0
     0
    14
    97
    41
    28
     0
    15
    32
    14
    26
     0
     0
     0
     0
     0
     9
     0
     0
   299
     9
     0
     8
    11
   102
     7
    20
     7
     0
     0
     8
     7
    14
    31
     0
     0
    12
     0
     0
     0
     0
     0
     0
   159
     0
     8
     0
    32
    64
     7
    16
     0
     7
     0
    39
     6
    17
    31
     0
     0
     0
     0
     0
     0
     0
     0
    10
   243
     6
     9
     0
     7
    90
    21
     8
    10
     7
     0
    14
    10
    53
    14
     0
     0
     0
     0
     0
     0
     0
     0
     8
   310
     7
     7
    15
     6
    44
    11
     8
     0
     0
     0
    10
    36
    17
    65
     0
     0
     0
     0
     0
     0
     0
     0
     0
   227
     9
    14
    27
     0
    93
     0
     9
    16
     0
     9
    24
    36
     0
    32
     0
     0
     7
     7
     0
     6
     9
     0
     0
   196
   127
     0
    10
     7
     0
     9
     0
    44
    51
    19
     0
     7
    39
    34
    40
     0
     0
     0
     9
     0
     0
    10
    16
   130
   120
    31
     9
    20
     0
     0
     6
    72
    34
     0
    14
     0
    57
    30
    44
     0
     0
     0
     0
     0
     0
     0
     0
   224
     0
     0
     0
    14
    65
     0
     0
     0
     8
    20
    18
    44
    27
    14
     0
     0
     0
     0
     0
     0
     6
     0
     0
   198
     8
     9
    11
     9
    85
     0
    20
     0
     0
    17
    19
    25
    21
    34
     7
     7
     0
     0
     8
    16
     0
     0
     0
   249
     0
    17
     8
    19
    48
    15
     0
     7
     0
     0
    26
    16
    40
     6
     0
     8
     0
     0
     0
     7
    11
     0
     0
   234
    12
     0
     0
    10
    76
     0
    10
     0
     0
     0
    23
    21
    29
    21
     0
     0
     0
     0
     0
     0
     0
     0
     0
   278
     6
     7
     0
    18
    39
     0
     9
     7
     0
    17
    33
    36
    41
    20
     8
     0
    15
     0
     0
     0
     0
     0
     0
   179
    85
     6
     0
    16
     0
     9
     0
    41
    55
    18
    10
     0
    41
    22
    15
     0
     0
     0
     0
     0
     0
     0
     0
   118
   123
     0
    22
     7
     8
     0
     0
    24
    63
    17
     0
     8
    51
     0
     8
     0
     0
     0
     0
     0
     0
     0
    10
   274
     0
     0
     0
    11
    84
     0
     0
     0
     6
     8
    30
    25
    36
     7
     0
     0
     0
     0
     0
     0
     0
     0
     0
   229
     0
     0
     0
     0
    45
    10
     0
     0
     0
     0
    36
    35
    25
    26
     0
     0
     0
     0
     0
     9
     0
     0
     0
   247
    10
    33
     0
     7
   110
     0
     8
     0
     0
     0
    40
    37
    10
    43
     0
     0
     0
    10
     0
    10
     0
     0
     0
   206
     0
     6
     0
     0
    77
     0
     0
     0
     8
    14
    28
    17
    16
    19
     0
     0
     0
     0
     0
     0
     0
     0
     0
   355
     9
    11
     0
     7
    97
     0
     0
    11
     0
     0
    18
     8
    39
    25
     0
     0
     0
     8
    16
     0
     0
     0
     0
   165
   128
     8
     0
     7
     0
     0
    19
    64
    47
     8
     8
     9
    16
    52
    24
     0
    28
     0
     8
     0
     0
    11
     0
   143
   148
     9
     0
    13
     7
    16
     7
    76
    75
    26
     8
    10
    47
    26
    12
     0
     0
     0
     0
     0
     0
     0
     0
   204
     0
     0
     7
     8
   119
     0
     0
     8
     0
     0
    24
     0
    19
    31
     0
     0
     0
     0
     0
     0
     0
    15
     9
   192
     0
    16
    10
     0
    70
     0
     0
     0
     0
     0
    18
    19
    46
    24
     0
     0
    11
     0
     0
     0
     0
     0
     0
   212
     0
    12
     0
     0
    68
     0
     0
    15
    15
     0
    36
     7
    26
    18
     0
     0
     0
     0
     9
     0
     0
     0
     6
   214
     0
     0
     0
     0
   106
     0
     0
    10
    11
     9
    40
    29
     9
    25
     0
     0
     0
     0
    10
     0
    15
     0
     0
   232
     0
     0
    17
     0
    94
     0
     7
     0
     0
    15
    32
    31
    26
    26
     0
     0
     0
    10
     8
    10
     0
     0
     7
    89
   108
    22
     0
     7
    13
    17
     7
    91
    63
     9
    17
     0
    29
     6
     0
     0
     0
     0
    20
     0
     0
     0
     0
   121
   164
     8
     7
    12
     0
    15
     0
    40
   114
    16
     0
     0
    47
    42
    44
     0
     9
     0
     0
     0
    10
     0
     0
   130
     0
     9
    11
     0
    67
     6
     0
     0
    12
     0
    21
    51
    49
    50
     0
     0
     0
     9
     0
     0
     0
     0
     0
   225
    13
    11
    15
     0
   136
     6
     7
     0
     0
     0
     0
    23
    21
    17
     0
     0
     0
     0
     0
    10
     0
     0
     0
   261
    11
    17
    10
     0
   133
     0
     0
     0
    11
     0
    30
    47
     9
    17
     0
     7
     0
     0
     0
     0
     0
     0
     6
   221
     0
     6
     0
     0
    60
     0
     0
     0
     0
     0
     6
    38
    58
    31
     0
     0
     0
     0
     0
    11
     0
     0
     0
   198
     0
    10
     6
     9
    74
     0
     0
     0
    11
    18
    23
    32
    24
    39
     0
     8
     0
     0
     8
     0
     0
     0
     7
   167
    95
    11
    12
     0
    16
    17
     0
    99
    98
     0
    15
     6
    34
    65
    31
     0
     0
     0
     0
     0
     0
    10
     0
   136
   171
     9
     0
    10
     6
     0
     0
    58
    54
     8
    15
     7
    18
    32
    38
     9
     0
     0
     0
     0
     0
     0
     0
   201
     0
     0
     0
     8
    80
    30
     0
    22
     7
     0
     7
    16
     0
    43
     0
     0
     0
     8
     0
     0
     8
     0
     0
   224
    26
     0
     9
     7
    75
     0
     9
     7
    10
     0
    18
    39
    17
    15
     0
     0
     0
     0
     0
     0
     0
     0
     0
   224
    16
    20
     8
     0
   125
     0
     0
     8
     0
    12
    25
    31
    43
    23
     6
     0
     0
     0
     0
     9
     0
     0
     0
   162
     0
    23
     8
     8
    94
     0
     0
    11
    10
     0
     6
    14
    39
    17
     0
     0
    17
     0
     0
     0
     0
     0
     0
   285
    19
     0
     0
     8
    95
     0
    22
     6
     9
     0
    21
    17
    28
     7
     8
     0
     0
     0
     0
     7
     0
     0
     0
   179
   195
     0
     0
     6
    10
     0
    10
    81
    58
     8
     0
     0
    30
    34
    17
     0
     0
     0
    15
     0
     0
     0
     9
   157
    93
    11
    16
     0
     0
     0
     8
    75
    52
     0
     0
    11
    31
     6
    20
     0
     6
     0
     0
     0
     9
     0
     0
   192
     7
     0
     0
     0
    81
     0
     0
    10
    10
     0
     7
    26
    16
    15
     0
    10
     9
     0
     0
     9
     0
     0
     0
   235
     0
    17
     0
     0
    99
    26
     0
    16
     0
     7
    30
    26
    16
    43
     0
     0
     0
     0
     0
     9
     0
     0
     7
   217
     9
     0
    33
    17
    88
     8
    11
     6
     0
     0
    37
    42
    38
    25
     0
     0
     0
     0
     0
     0
     0
     0
     0
   210
     0
     0
    16
    13
    87
    16
     8
     0
     0
     9
    25
     7
    48
    41
    11
     0
     0
     0
     0
    10
     0
    12
     9
   221
     9
    23
     0
    18
    30
     0
    22
    15
     0
     8
    15
    41
    45
    31
     0
     0
     0
    16
     0
    11
    15
     0
     0
   137
   173
     0
    16
     0
    10
    23
     9
    59
    71
     0
     0
    21
     6
    34
    28
    12
     8
    18
     0
     0
     0
     0
     0
    95
   168
     0
    17
     7
    19
     0
     0
    47
    61
     0
    14
    10
     8
    16
    23
     7
     0
     0
     0
     0
     0
     0
     0
   184
     0
     0
    16
     0
   104
     0
     8
     0
     0
    10
    38
     7
    26
    34
     0
     0
     0
     0
     0
     0
     0
     8
     0
   280
     0
     6
     0
     0
    64
     0
     9
     0
    13
    10
    40
    34
    19
     9
    10
     0
     0
     7
     0
     0
     0
     0
     0
   213
     0
     8
    20
     8
    53
     0
     7
     0
    18
    22
    35
     8
    27
    35
    10
     0
     0
     0
     8
     0
     0
     7
     0
   190
     8
    27
    18
     8
    98
     0
    16
     0
     8
    15
    12
    14
     0
    23
     0
     0
     0
     0
     0
     0
     0
     0
     0
   256
    29
     0
    11
     9
   121
    23
     0
     8
     0
    27
    26
    18
    36
    50
     0
     0
     0
     6
     0
     0
     0
    18
     0
   182
   155
     0
     0
    15
     6
    16
     0
    44
    98
    12
     0
     0
    26
    21
    10
     0
     6
    16
     0
     0
     0
     0
     0
   154
    97
     0
     8
    11
     0
     7
    19
    82
    69
     0
    14
     0
    40
    42
    33
     0
     7
     0
     0
     0
     0
     0
     0
   311
     9
    11
     7
     0
    89
     0
     0
     0
     0
     0
    42
    21
    10
     0
     0
     0
     0
     8
     0
     8
     9
     0
     0
   344
    24
     0
     7
     0
    85
    27
    21
    12
     7
     9
    41
     6
    27
    23
     6
     0
     0
     0
     0
     0
     0
     0
     0
   365
     0
     7
    10
    15
    41
     0
     0
    29
     0
     0
    30
    22
    39
     0
     0
     7
     0
     0
     0
     0
     0
     7
     0
   206
     0
     0
     0
     9
   121
     0
     0
     0
     9
     8
     7
    17
    27
     8
     0
     0
     0
     0
     9
     0
     0
     0
     0
   239
     9
     6
     0
     6
    81
     0
     0
     0
     0
     8
    59
    18
    45
    15
     0
     0
     7
    10
     8
     0
     0
     9
     0
   153
   105
    10
     0
     0
     0
     0
    10
    46
    56
    17
     0
     7
    59
    21
    10
    10
     0
     0
     7
     9
     0
     0
     7
   109
   235
    15
     0
    20
    28
    18
     0
    57
    77
     0
    17
     0
    22
    29
    39
     0
    10
     8
     0
     0
     0
     0
     0
   235
     9
     0
     0
     0
    39
     0
    14
    19
     8
    12
    37
     8
     8
    29
     0
     0
