     9
     0
    16
     0
     0
     0
     0
   232
     9
     0
     0
     0
   116
     8
    26
    15
    42
    13
    17
    34
     0
    21
     0
     0
     0
     0
     0
     0
     0
     0
     0
   243
     0
     0
    18
    21
    73
     0
     8
    10
     9
     0
    30
    40
     6
    21
     8
     0
     0
     0
     9
     0
     0
     0
     0
   279
    10
     0
     0
    21
    56
    14
     0
    27
    27
    26
    32
    68
    25
     8
     0
    16
     0
     0
     8
     0
     0
     0
     0
   289
    18
     0
     0
    10
    58
     0
    14
     0
    10
     0
    14
     0
    34
    18
     8
     0
     8
     6
     0
     0
     0
     0
     0
   278
     0
     0
     0
     0
   110
     8
     0
    18
     0
     0
    20
    18
     8
    53
     0
     6
     0
     0
     0
     0
     0
     0
     6
   105
   176
     0
    14
     7
    24
     8
    21
   109
    99
     0
    10
    29
    37
    36
    14
     0
     0
     6
     9
    12
    25
     0
     0
   118
   135
     8
     0
    10
     8
    16
     0
    32
   115
    16
     0
     0
     8
    18
    24
     7
     0
     0
     0
     0
     0
     0
     0
   312
     0
    17
     0
     0
   102
     0
     0
    10
     0
     0
    32
    31
    34
     6
     0
     0
     7
     0
     0
     0
     0
     0
     0
   272
    15
     7
    14
     0
   118
     0
    10
     7
     9
     0
    29
    32
     9
     8
     0
     0
     0
     0
     0
     8
     0
     0
     0
   275
     6
    25
     8
     7
    60
     0
    10
     0
    16
     7
    12
    18
    17
    54
     0
     0
     0
     0
     0
     0
     9
     0
     0
   260
     0
     0
     6
     9
    89
     0
     0
     0
     9
    15
    40
    40
    17
    61
     0
     0
     0
     0
     0
     0
     0
     9
     0
   305
    25
    19
     6
    34
    50
    23
     0
    10
    13
     0
    67
    37
    20
    19
     0
     0
     0
     0
     0
     8
    12
     0
     0
    82
   222
    10
     9
    14
     0
     0
     0
    60
    55
     0
     9
    10
    26
    10
    21
    12
     0
    12
     9
     0
     0
     0
     0
   197
   125
    19
    14
    17
     0
    19
     0
   113
   107
    13
    10
    11
     9
    24
    15
     0
     0
     0
     0
     0
     0
     0
     0
   280
     0
     0
     7
     9
    55
    10
     0
     0
     8
     0
     0
    15
    28
    66
     0
     0
     0
     0
     0
     0
    11
     0
     0
   296
     8
     0
     0
    17
   116
    11
    11
     0
     8
    16
     6
    46
    28
    34
     0
     7
     0
     0
     0
    10
     0
     0
     0
   237
     7
     6
     0
     0
    78
     0
     0
     0
    18
     0
    28
    34
    43
    28
     0
     0
     0
     0
     0
     0
     0
     8
     0
   281
     0
     0
     7
     0
   140
     0
    11
     7
    10
     0
    54
    46
    45
    44
     0
     0
     8
     0
     0
     0
     6
     0
     0
   232
     0
     0
    16
     0
    68
     9
    18
     6
     7
     0
    18
    35
    41
    61
     0
     0
    11
     0
     8
    11
     0
     0
     7
   207
   134
     0
    25
    10
     0
     7
    18
    46
    86
    20
     0
    19
     7
    37
    40
    10
     0
     9
     0
    10
     9
     0
     0
   114
   146
     6
    21
    14
    11
     0
    19
    89
    68
     0
     8
    16
    25
    45
    14
     0
     8
     0
     0
     6
     0
     0
     0
   299
    16
     7
    10
     0
    95
     0
    14
    13
    30
     0
    22
    16
    26
    26
     0
     0
     8
     0
     0
     0
     0
     0
     0
   297
     9
    13
     7
    16
    65
    15
     6
     0
     0
     0
    52
    49
    22
    25
     0
    16
     7
     0
     0
     0
     0
     0
     0
   304
     0
     0
     0
    12
    84
     9
     0
     0
     8
     8
    45
    33
     8
     6
     0
     0
     0
     0
     0
     0
     0
     0
     0
   353
    10
     8
     8
     0
    89
     0
    15
     9
     7
    16
    28
    29
    37
    43
     0
     0
     0
     0
     0
     0
     0
     0
    10
   256
    21
    10
     0
     9
   105
     9
     9
     0
    20
    16
    35
    36
    52
     0
     0
     0
     0
     0
     0
     0
    10
     0
     0
   142
   135
    24
    29
    18
     9
    14
     9
    58
   125
    10
    10
     0
    34
    27
    39
     6
     0
     0
     7
     0
     0
     0
     0
   124
   165
    17
    11
     9
     7
     0
     7
    57
   112
     9
     8
     8
    27
    40
    39
    10
     0
     0
     0
     0
     0
     0
     0
   218
     0
    10
    10
    16
    97
     0
     0
     7
     0
     9
    21
    16
    41
    14
     0
     0
     0
     0
     0
     0
     0
     0
     0
   359
    15
     9
     0
     7
    66
     8
    15
    34
     8
    24
     8
    37
    26
    40
     0
     0
     9
     0
     0
     0
     0
     0
     0
   266
     0
    24
     6
     6
    94
     0
     0
     8
    20
     6
    16
    30
    27
    18
     0
     0
     0
    10
     0
     0
     0
     0
     0
   328
    24
     7
    22
     0
   114
    10
     8
    20
    17
    15
    37
    46
    36
    38
     0
     7
     0
     0
     0
     0
     0
     7
     0
   274
     9
     0
     0
     0
    93
    17
     0
    23
    11
     0
    20
    16
    45
    33
     0
     6
     8
     0
     0
     0
    10
     0
    10
   132
   168
    29
     8
     8
    24
     9
     0
    61
    58
     0
     0
     0
    46
    16
    57
     0
    16
     0
     0
    18
     0
     0
     0
   221
   166
     0
    15
     0
    18
    10
     8
    91
    64
     0
     9
     0
    23
    25
    26
     0
     0
     0
     0
    12
     0
     8
     8
   219
     0
     7
    17
     7
    98
     0
     9
     9
     0
     8
    18
    44
    32
    44
     0
     0
     9
     0
     0
     0
     0
     0
     0
   292
     0
     0
     0
     8
   146
     0
    15
     8
     7
     6
    43
    10
    42
     8
     0
     0
     0
     0
     0
     0
     7
     8
     8
   214
    12
    11
     0
     0
   109
     0
     8
    10
    15
     0
    34
    26
    33
    53
     0
     0
     0
    12
     0
     8
     0
     0
     0
   268
     0
     0
     6
     0
    93
    21
     8
     0
    11
    16
    33
    47
    11
    40
     0
     0
     0
     0
     0
     0
     0
     0
     7
   356
     0
     0
    26
     0
    56
    18
     7
    14
    16
     7
    28
     0
    17
    18
     0
     0
    17
     0
     0
     8
     7
     0
     0
   141
   122
    18
     0
     0
     0
     6
    18
    66
   118
     8
     0
     6
    17
    60
    40
     0
     0
     0
     0
     6
     0
    11
     0
   207
   165
    17
    20
    25
     0
     0
    22
   103
    79
     9
    11
     0
     0
    58
    35
     0
     0
     6
     0
     0
     0
     0
     0
   291
     0
    17
     8
    16
   100
     8
    15
     0
     9
     0
    52
    46
    36
    38
     0
     0
     0
     0
     0
     0
     0
     0
     0
   298
     0
     0
    17
    10
    98
     8
     0
     7
    10
     6
    27
    72
    27
    16
     0
     0
     0
     0
     0
     0
     0
     0
     0
   222
    14
    23
    10
     0
    58
     0
     9
    16
    26
     0
    26
    15
     7
    16
     0
     0
     0
     0
     0
     9
     0
     0
     0
   290
     0
     0
    27
     6
    65
    16
    18
     0
     8
     6
    36
    49
     7
    35
     0
     0
     0
     6
     0
     0
     0
    11
     0
   294
    19
     7
     0
     0
   125
     8
     0
     7
     0
    11
    32
    43
    16
    42
     0
     0
     0
     9
     0
     0
     0
     0
     9
   109
   132
    26
    12
    23
     8
     0
     7
   139
   125
     0
    11
    17
     0
    13
    53
     0
     0
     0
     8
     0
     9
    16
     0
   119
   120
    15
     0
    12
     0
    10
    12
    92
    55
     0
    17
     0
    27
    50
    48
     0
     0
     0
     9
     0
    16
     0
    10
   220
    18
    15
     0
    15
    99
     0
     0
     0
     0
     0
     9
    33
    16
    40
     0
     0
     0
     0
     0
     0
     9
     0
     0
   296
     8
     6
     0
     0
    89
    22
    10
     6
     0
    38
    41
    14
    23
    28
     0
     0
     0
     0
     0
     0
     0
     0
     0
   312
    16
     0
     7
     0
    87
    17
    16
    14
    20
     0
    24
    31
    15
     8
     0
     0
     0
     0
     0
     0
     0
     0
     0
   357
    11
     9
     8
    11
   101
    21
     0
     0
    11
     0
    40
    36
     7
    35
     0
     7
     0
     0
     0
    20
     0
     0
     0
   329
     0
     0
     0
    11
    67
     0
     6
     0
     0
     0
    23
    23
     0
    35
     0
     8
     0
     0
     0
     0
     7
    10
     0
   194
   113
    16
     0
    10
    10
     8
    33
   129
    71
     0
    17
     0
     0
    31
    34
     0
    17
     0
     0
     0
     0
     0
    13
   149
   147
     0
    20
     0
     0
     0
     0
    67
    54
    16
    17
    21
    25
    39
     8
     0
     0
     0
     0
     0
     0
     0
     0
   175
    11
     0
     7
     0
   102
     0
    17
    10
     0
     0
    55
    48
    48
    36
     0
     0
     0
     0
     0
     0
     0
     0
    10
   227
    16
     6
     7
     9
   123
     8
     0
    19
     0
     9
    13
    44
    29
    49
     0
     0
     0
     0
     8
     0
     0
     0
     0
   265
     0
    15
     0
     8
   120
     0
    15
     0
    27
     0
    10
    45
    39
    37
     0
     0
     0
    11
     9
     0
     0
     0
     0
   245
     0
    18
     0
     9
   102
    20
     9
     0
    10
    15
    26
    27
    32
    24
     0
     0
     0
     0
     0
     0
     9
     0
     0
   264
     0
     7
    16
    18
   151
     0
     0
    11
     8
     8
    46
    42
    22
    38
     0
     0
     0
     9
     0
     0
     0
     0
     0
   195
   175
     6
    20
    15
    17
     7
    25
    99
    81
     0
     0
    18
    12
    40
    17
     0
     0
     0
     0
     0
     0
    10
     9
   138
   127
     8
     7
    10
     0
     0
     0
    57
    80
    18
     0
     9
    13
    64
    33
     0
    12
     0
     0
     0
     0
     0
     0
   202
     0
    23
    16
     0
   116
    14
     0
     0
    12
     0
    18
    40
     0
    24
     0
     0
     0
    12
     0
     0
     0
     0
     0
   364
     0
     0
     9
    10
    72
    10
     6
    11
     7
    19
    45
    24
    24
    43
     0
     0
     0
     0
     8
     0
     0
     0
     0
   250
     0
    30
     0
     0
   129
     0
     0
    16
     7
     0
    54
    27
    21
    40
     0
     0
     0
     0
     0
     0
     0
     0
     0
   233
     9
     0
    18
    11
    95
     7
     0
     9
     9
    21
     0
    54
    16
    18
     0
     9
     9
     0
     0
     0
     0
     0
     0
   275
    10
     7
    26
     0
   152
     6
    23
     0
    18
     0
    18
    35
    64
    14
     0
     0
     0
     0
     7
     0
     0
     0
     6
   250
   118
     7
     0
     7
    15
    13
     8
   115
    77
     0
     6
     6
    29
     7
    23
     8
     0
     0
    17
    16
     0
     7
     8
   220
   153
     0
    16
    18
    20
    10
     7
    63
    61
    49
    10
    21
     8
    40
    18
     0
     0
    11
     0
     0
     0
     0
     0
   269
     0
     7
     0
    10
    47
     9
    18
     0
     0
    24
    41
    50
    15
    55
     8
     0
     0
     0
     0
     7
     0
     0
     0
   271
    16
     7
    35
     7
    72
     7
    15
    22
     0
     0
    16
     6
    24
    11
     6
     0
     9
     0
    10
     0
     0
     0
     8
   301
     0
     9
     8
     6
   105
     0
    16
     6
     0
     0
    34
    30
    20
    31
     0
     0
     0
    11
     0
     0
     0
     0
     0
   256
     0
    19
     0
     0
    65
     0
    10
     0
    21
    10
    56
    18
    33
    56
     0
     8
     9
     0
     0
     0
     0
     0
     0
   304
    16
     0
     0
     0
    80
     0
     0
     8
     0
    23
    41
    54
    15
    27
     0
     7
     0
     0
     6
     0
    12
     0
     9
   184
   134
     0
     0
    11
    23
    17
     0
   104
    53
     8
    13
    10
    31
    23
    49
     6
     0
     0
     7
     0
    11
     7
     0
   157
   176
     6
    11
     0
     9
     0
     0
    70
    90
     9
     0
    19
     0
    37
    50
     0
     0
    16
     0
     0
     0
    10
     0
   334
     9
     9
    20
    12
    74
     0
     6
     0
     0
     0
    16
    22
    21
     7
     0
     0
     0
     0
     0
     0
     0
     0
     0
   185
     9
     8
     0
     9
    81
     0
     6
     9
     0
     8
    33
    23
    26
     9
    15
     0
     0
     0
     0
     0
     9
     0
     0
   229
     6
    26
    16
     0
    45
    13
    10
    17
    15
     8
    19
    38
    29
    31
     8
     0
     0
     0
     0
     0
     0
     0
     0
   252
     0
    15
     6
     0
    87
     8
     0
    16
    10
    38
     0
    15
     9
    20
     0
     7
     0
     0
     0
     0
     0
     0
     0
   373
    14
    21
     0
    20
    79
     0
     0
     0
    10
     0
    18
    25
    49
     8
     0
     6
     0
     7
     0
     0
     8
     0
    11
   169
   186
     9
     9
     8
     0
    31
    26
    82
    75
     9
    17
    11
    36
    31
    32
     0
     0
     0
    11
    10
     0
     0
     0
   126
   157
     0
     0
     0
    29
     0
    17
    69
   120
    21
     0
     6
    10
    24
    42
     0
     0
     0
     6
     9
     0
     0
     0
   268
     8
     7
     0
     7
    68
     7
     9
    19
     8
     0
    32
    38
    24
    16
     0
     0
     0
     0
     0
     0
     0
     0
     0
   238
     0
     0
     0
     0
   106
     0
    27
     9
    13
     0
    17
    34
    43
    20
     8
    17
     0
     0
     0
     0
     0
     0
     8
   365
     0
     0
     6
     0
    93
    15
     0
    11
     8
    19
    20
    38
    51
     6
     7
     0
     0
     0
     0
     0
     0
     0
    10
   197
     6
    10
     0
    16
    68
    24
     8
     0
     7
     0
    37
    22
     6
    16
     0
     8
     0
     0
     7
     0
     0
     0
     0
   277
    18
     0
    17
    15
    55
     0
     0
     6
     0
    17
    51
    41
    47
    30
     0
     0
     0
     0
     0
     0
    10
     0
     9
   164
   129
    16
     0
    24
     0
    17
     6
    64
    55
     0
    36
     0
    51
    18
    85
     9
     0
     0
     0
     0
     0
    11
     0
   163
   210
     0
    16
    13
     7
    17
     0
    56
    78
     7
    10
     0
    35
    16
    15
     0
     0
     0
     0
     0
     0
     0
     0
   234
    33
    10
    16
    32
   106
     0
     7
     8
     0
     0
    26
    27
    32
    14
     0
     0
     0
     0
     0
     0
     0
     0
     0
   269
     0
     9
     7
    10
    92
     0
    15
     8
     6
     0
    43
    11
    15
    25
     0
     8
     0
     0
     0
     0
     0
     0
     0
   170
     0
     7
     7
     9
    67
     0
     9
    49
     0
     9
    29
    12
    32
    19
     0
     0
     0
     0
     0
     0
     0
     0
     0
   277
    18
    13
     9
     0
   108
     0
    18
    20
     9
     0
    22
     0
    21
     8
     0
     0
     8
     0
     0
     0
     0
     0
     0
   237
     0
     0
    20
     0
    83
     0
     0
     0
     7
     0
    51
    34
    21
    16
     0
     0
    11
    22
     0
     0
     9
     0
     0
   120
   189
     7
    17
    11
     0
    20
    11
    82
    62
     9
     0
    16
    31
    40
    36
     0
     0
    10
     8
     0
     8
     0
     0
   165
   115
    18
    26
     0
     9
     0
    10
    69
    51
     0
     0
     6
     9
    38
     7
     0
     0
     0
     0
    17
     0
     0
     0
   269
     0
     7
     0
     0
   104
     0
    19
     0
     6
     0
    10
    31
    37
    44
     0
     0
     0
     0
     0
     0
     0
     0
     0
   271
     0
     7
    18
     0
   122
     0
     0
     0
     9
     0
    19
    18
    31
    37
     0
     0
     8
     0
     0
     0
     0
     0
     0
   312
     8
     9
     9
    10
   109
    20
    24
     0
    18
    16
    32
    55
     0
     9
     0
     0
     0
     0
     0
     0
     0
     0
     9
   356
     6
     9
    10
     0
    72
     0
     0
    15
     8
     0
    44
    26
    26
    27
     0
     0
     0
     0
     0
     0
     0
     0
     0
   314
    11
     9
     0
     0
   116
     0
     0
     0
     0
     0
    10
    35
    44
    11
     0
     0
     0
    10
     0
     0
     0
     0
     0
   136
   190
     0
     0
     0
     8
    18
     0
    70
    78
    18
     7
     0
     7
    12
    36
     8
    10
     0
     0
     0
     0
     0
     0
   193
   149
     7
     0
     9
     0
    24
    18
   104
    71
     0
     0
     8
    37
    47
     0
     0
     0
     0
     0
     0
     0
     0
     0
   293
     7
     9
    14
     0
    88
     7
     0
     8
     0
     0
    46
    18
    14
    34
     8
     0
     0
     0
     0
     0
     0
     0
     0
   339
    17
     0
    10
    29
    93
    11
     0
     7
    19
     0
    36
    41
    14
    36
     0
     0
     0
     0
     0
     0
     0
     0
     0
   280
     0
    10
     0
     0
    70
    19
    16
    10
     0
    10
     9
    25
    51
    35
     8
     0
     0
     0
     0
     0
     0
     0
     0
   326
     7
    30
     8
     0
    46
     0
     0
     7
    15
     9
    34
    17
    31
     0
     0
     0
     0
     0
     0
     0
     0
    12
     0
   258
     9
     0
     9
    17
    57
     7
     0
     0
    25
     0
    30
    25
    27
    27
     0
     0
    10
     0
     0
    19
    11
     0
     0
   184
   227
    10
     6
    17
    27
    14
     8
    59
    89
     9
    17
    26
    22
    15
    40
     0
     0
     0
     0
     9
     0
     0
     0
   159
   178
     0
     0
     0
     0
    16
     0
   102
   129
     0
     0
    22
    17
    35
    15
     0
     0
     0
     0
     0
     0
     8
     0
   318
     6
     7
     0
     8
   133
     7
    15
     9
     0
     0
    10
     9
    17
    44
     0
     0
     0
     0
     0
     0
     0
     0
    12
   266
     8
     0
     0
    27
    76
     0
     0
     7
    19
    15
    27
    14
    30
    33
     0
     0
     0
     6
     0
     7
     0
     9
     0
   316
     0
     0
     7
    16
   100
    32
     9
    24
    23
    11
    12
    57
    31
    15
    10
     0
     0
     0
     0
     0
     0
     0
     0
   317
     8
    11
     0
    33
    59
     0
    10
     7
     0
    11
    20
    19
    38
    17
     0
     0
     0
     0
     0
     0
    10
    10
     0
   221
    21
     0
    11
     6
    90
     8
     0
     0
    11
     0
    31
    16
    58
    28
     0
     0
     0
     0
     0
     0
     0
     8
     0
   171
   215
     0
     0
     6
     0
    13
    26
    47
    35
     0
     0
     7
    15
    21
    42
     0
     0
     8
     0
     7
     0
     7
     0
   139
    93
    16
    11
    10
     0
     0
     0
    84
   121
    14
    15
    24
    16
     0
    37
     0
     0
     0
     7
     0
     0
     7
     0
   289
     0
    10
     0
     0
    80
     8
     0
    17
     7
     0
    32
    23
    33
    27
     0
     0
     0
     0
     0
     0
     8
     0
     0
   224
     0
     8
    15
     0
    68
     0
     0
     0
    16
     0
    36
    32
    35
    14
     0
     0
     0
     0
     0
     0
     0
     9
     0
   216
     0
    16
     0
     9
   109
     0
    10
     0
     0
     0
    22
    15
    23
    14
     0
     0
     0
     0
     0
     0
     0
     0
     6
   211
     7
    26
     0
     8
    48
     0
     0
     0
     0
     0
    27
    33
     7
    37
     0
     0
     0
     0
     0
     0
     0
     0
     0
   292
    10
    10
     0
     8
   130
     0
     0
     7
     0
    10
    41
    28
     9
    21
     0
     7
     0
     0
     0
     0
     8
     0
     0
   149
   163
     6
    40
     9
     0
     0
     9
    60
    46
     0
    11
    15
    15
     6
    37
    20
     0
    12
     0
     0
     0
     0
     9
   176
   182
     0
     7
     0
     0
    28
    30
    54
    71
    29
     0
    12
    25
    26
    31
     0
    10
     0
     0
     0
     6
     0
     0
   278
     0
     0
     0
     0
    56
    11
     6
     0
     0
    14
    35
    17
    55
    24
     0
     0
     0
     0
     0
     0
     0
     0
     0
   207
     9
     9
    18
     7
    92
     9
    15
     0
     0
     0
    39
    36
    39
    23
     0
     0
     0
     0
     0
     0
     8
     0
     9
   169
     0
    10
     0
     6
    51
     0
     0
     0
     0
     0
    52
    45
     0
    27
     0
     0
     0
     0
     0
     0
     0
     9
     0
   351
     0
     0
    18
    24
    37
     0
     0
     0
    20
     6
    21
     7
    10
    17
     0
     0
     0
     0
     0
     0
     0
     8
     0
   264
    13
     0
     0
     6
    63
     7
     0
     0
     9
     0
     7
    39
    25
    31
     0
     0
     0
     0
     0
     0
     0
     0
     0
   173
   109
     6
     7
    18
    11
     8
    20
    77
    75
    17
     0
     7
    34
    14
    22
     0
     0
     0
     0
     0
     0
     0
     0
   159
   160
     8
     8
     0
     0
     8
     7
   120
    94
     0
     0
     0
    16
    16
     6
    12
     0
     0
     0
     0
     0
     0
     0
   254
    20
     7
     9
     8
    69
    11
     0
     0
    15
     6
     7
     0
    23
    19
     0
     0
     0
     0
     0
     7
     0
     0
     0
   339
    15
     0
    10
    20
    44
     0
     0
     9
     0
     8
    40
    78
    35
    25
     0
     0
     7
     0
     0
     0
     7
     0
     0
   301
     0
     0
     7
    10
    46
     0
     6
     7
     0
     0
    17
     0
     8
     0
     0
     0
     0
     0
    12
     0
     0
     0
     0
   243
     0
    17
     7
     7
    68
     7
     7
     9
     7
     0
    41
    53
    43
    43
     0
     0
     0
    14
     0
     0
     0
     0
     0
   258
     0
     0
     0
     0
    70
     7
     8
     0
     0
     0
     9
    13
    19
    29
     0
    19
     0
     0
     8
     7
     9
     0
     0
    95
    92
     8
     9
     9
    14
     0
     0
    88
   112
    11
     9
    10
    25
    17
     9
     7
     8
     0
    21
     7
     0
     0
     0
   125
   188
     8
    17
     0
     0
     7
     0
    41
    90
    17
     0
    23
    23
    28
    33
     0
     0
     0
     0
     0
     8
     0
     0
   260
     6
     0
    21
     0
    60
     0
     0
     9
     0
     0
    17
     0
    25
    23
     0
     0
     0
     0
     0
     0
     0
     0
     0
   248
     8
     0
     0
     7
    80
    10
    18
     0
     0
     9
    28
    15
    14
    28
     0
     0
     0
     0
     0
     0
     0
     0
     0
   257
     7
    14
     8
     6
   129
     9
    18
    19
     0
    10
    31
    21
    16
    16
     0
     0
    11
     0
     0
     0
     0
     0
     0
   236
    13
    26
     7
    15
    97
    15
    11
     0
     8
     0
    19
    23
     0
    29
    19
     0
     0
     0
     0
     0
     0
     0
     7
   280
     0
    13
     8
     0
   124
     0
     0
     0
    24
     6
    47
     7
    16
    25
     0
    17
     0
     0
     0
     0
    26
     9
     6
    94
   164
     0
    28
     7
    10
     9
    20
    59
    24
     8
     0
     6
    20
     0
    49
     0
     0
    15
     0
     7
     0
     0
     0
   154
   130
    26
    16
    11
     0
     0
     8
   100
    73
     0
     8
    27
    26
    25
    26
     0
     9
     0
    17
     0
     0
     0
     0
   213
     9
    11
     0
     6
   135
    12
     9
     7
     9
    29
     0
    15
    45
    44
     0
     0
     0
     0
     0
     0
     8
     8
     0
   257
    20
    19
     8
     8
    87
     0
     7
    16
     9
     0
    27
    17
    24
    13
     0
     0
     0
     0
     9
     0
     0
     0
     0
   306
    22
    10
    12
     0
    63
     0
     0
     6
    10
     0
    29
    37
    22
     9
     0
     0
     0
     0
     0
    10
     0
     0
     0
   221
    16
     0
    10
    12
    74
     0
     0
     0
    10
    18
    27
    39
    46
    47
     0
     0
     0
     0
     6
     0
     0
     0
    10
   274
    13
     6
     0
    38
   109
     0
     9
     0
     8
     0
    40
    30
    26
    34
     0
     0
     0
     0
    18
     0
     0
     0
     0
   136
   172
     7
     9
     8
    12
     7
    10
   104
    65
     0
     0
    14
     9
    43
    51
     0
    12
     0
     0
     7
     9
     0
     0
   135
   163
     8
     0
     8
     0
     9
    15
    66
    14
     9
    15
     0
    18
    39
    23
     0
     0
     0
     0
     0
     0
     0
     0
   247
     9
     0
     6
    17
    65
     0
     0
     0
     0
     0
    34
    40
    33
    17
     0
     0
     0
     0
     0
     9
     0
    17
     0
   343
     8
     0
    30
     0
    76
    17
    18
    17
    15
     0
    42
    24
    74
     8
     0
     0
     0
     0
     0
     0
     0
     0
     0
   194
     8
    18
     0
     0
    78
     0
     0
    11
     0
     0
    13
    16
     7
    16
     0
     8
     0
     0
     0
     0
     0
     8
     0
   213
     0
    11
     7
     7
   102
     8
     0
     7
     7
     9
    39
    21
    24
     7
     0
     0
    10
     0
     0
     0
    10
     0
     0
   251
    16
     0
    16
    17
    52
     0
     0
     0
     6
     0
     9
     7
    21
    23
     0
     6
     0
     0
     9
     0
     0
     0
     0
   132
   177
     0
     0
     0
     0
     9
     0
    39
    46
    16
    10
    12
    41
    48
     8
     0
     8
     0
     0
     0
     7
    35
     0
   125
    98
     0
     0
    10
     7
     0
     8
    35
    37
     7
    10
    12
    16
    18
    44
     0
     0
     0
     8
     0
     0
     0
     0
   193
    10
     0
     0
     0
    57
     0
     0
     0
     9
     0
    35
    23
     7
    19
     6
     0
     0
     0
     0
     0
     0
     0
     9
   192
     9
    11
     0
    10
    65
     0
     0
     0
     8
    16
    33
    17
    33
     7
     0
     0
     0
     0
     0
     0
     0
     0
     0
   193
    29
     9
     0
     0
    68
     0
    11
     0
     0
    11
    26
     9
    36
    30
     0
     0
     0
     0
     0
     0
     9
    16
     0
   188
     8
     6
    23
     7
    70
    11
    11
     0
    12
    16
    13
    27
    10
     0
     0
     0
     0
     0
     0
     0
     0
     0
     0
   246
     0
     0
     8
     0
    88
     0
     6
    19
     0
     0
    22
    24
    33
    36
     8
     0
     0
     9
     0
     0
     0
     0
     0
   170
   129
     6
     0
    15
     6
     0
     7
    27
    52
     0
    12
     8
    21
    43
    23
     8
     6
     0
     0
     8
     0
     0
     0
   121
   159
     0
     0
     0
     0
    17
    16
    67
    31
    10
     0
     7
    24
    39
    48
     0
     0
     0
    20
     0
     8
    19
     9
   256
     0
     0
    23
    10
    92
     9
     9
     9
     0
     0
    46
    23
    40
    21
     0
     0
     9
     0
     0
     8
     0
     0
     0
   252
    17
     0
     8
     0
    83
     0
    20
     0
     0
    10
    34
    25
    16
    78
     0
     0
     0
     0
     0
     0
     0
     0
     0
   241
     0
     0
     7
     9
    80
     0
     0
     0
     0
     0
    22
    15
     8
    26
     0
     0
     0
     0
     0
     0
     0
     0
     0
   239
    16
     9
     7
    15
    67
     0
     0
     0
     0
    15
    20
     0
    28
    22
     0
     0
     0
     0
     0
    10
     0
     0
     0
   216
     8
    19
     9
     0
    58
    19
    17
     0
     9
     8
    12
    16
    59
    16
     0
     0
     0
     0
     0
     0
     0
     6
     9
   110
   102
     8
     9
     0
    20
     8
     6
    84
    90
     0
     0
     0
    26
    41
    17
    10
     0
     0
     0
     9
     9
     0
     8
    67
   131
    18
     0
     8
     8
     8
     6
    80
    10
     0
    17
     9
    35
    18
    28
     0
     0
     0
     0
     0
     6
     8
     0
   158
    14
     6
     9
     6
    58
     9
    14
     7
     0
     0
    30
    42
    51
    57
     0
     0
     0
     0
     0
     0
     0
     0
     0
   354
    15
    14
    10
     0
    84
     0
    18
     0
     0
     0
    17
    41
    38
    22
     0
     0
     0
     0
     0
     0
     0
     0
     0
   240
     7
     0
     0
     9
    77
     0
     0
     0
     6
     0
    27
    53
    28
    18
     0
     0
     0
     0
     0
     0
     6
     0
     0
   248
     9
    16
     9
     0
    74
     6
    14
     7
     0
    19
    49
    14
    23
    12
     0
     0
     0
     0
     0
     8
     0
     6
     0
   204
    11
     0
     8
     8
    82
     0
     0
    14
     8
     9
    19
    22
     9
    35
     0
     0
     0
     0
     0
     0
     0
    18
     0
   166
   166
     7
    21
    12
     0
    33
     0
    63
   113
    38
     0
     7
    25
    24
    15
     0
     0
     0
     0
     7
     6
    12
     9
   112
   126
     0
    18
     8
     0
     6
     7
    71
    53
     8
     8
     7
    33
     6
     9
     0
     0
     0
     0
     0
     0
     0
     0
   232
     0
     8
     7
    18
    83
     7
     0
     0
     6
    17
     8
     6
    29
    26
     0
     0
     0
     0
     0
     0
     0
     0
     0
   237
     0
     0
    18
     0
    90
    11
     0
     7
     0
    14
    51
    25
    28
    13
     0
     0
     0
     0
     0
     0
     0
     0
    15
   222
    26
     6
     0
     0
    75
    11
     9
     0
    20
    15
     9
     0
    11
    52
     0
     0
     0
     0
     0
     0
     0
     0
     0
   224
     0
     6
    19
     0
    67
     0
     7
     0
    25
     8
    28
    35
    16
    41
     8
     0
     0
     0
     8
     0
     0
     0
     0
   288
    13
     6
     0
    22
    54
     6
     0
     6
     0
     0
    23
    14
    33
    17
     0
     0
    27
     0
     7
     0
     0
    18
     0
   125
   144
    18
     0
     0
    10
    18
     0
    54
    58
     0
    16
    16
    38
    33
     8
     8
     0
     0
     0
     0
     0
     0
     9
   155
   125
     0
     0
     0
     0
    26
     0
    56
    96
     0
     0
     0
    24
    55
    15
     0
     0
     0
     0
     0
     0
     0
     0
   222
    16
     0
     7
     0
    54
     0
     0
    10
     0
     0
    32
    16
    23
    22
     0
     0
     0
     0
     0
     0
     0
     0
     0
   230
     9
     0
     9
     7
    98
    18
    11
     8
     0
     9
    16
     8
    10
     0
     0
     0
     0
     0
     0
     0
     0
     0
     0
   225
     8
     0
     6
    10
   102
     0
     0
     7
     0
     0
    17
    39
    43
    39
     0
     0
     0
     0
     0
     7
     0
     0
     0
   259
     0
     6
    11
     0
   100
     0
     0
     0
     0
     0
    15
    27
    22
    18
     0
     0
     0
     0
     0
     6
     0
    11
     6
   268
     0
    15
    10
     7
    90
     0
     0
     0
     0
     8
    26
    25
    25
    18
     0
    11
     0
     0
     0
     0
     7
    15
     0
   155
   105
     0
     0
     8
     0
     0
    18
    54
    43
     0
     0
    10
    10
     9
    20
     9
     7
     0
    14
     0
     8
     0
     0
   122
   197
     0
     0
     0
     7
    17
     0
    51
    28
     0
     9
     9
    14
    30
    18
     9
     0
     0
     0
     0
     0
     0
     0
   286
     0
    17
    26
     8
    78
     0
     8
     0
     9
     0
     6
    38
    49
    24
     0
     0
     0
     0
     0
     0
     0
     0
     0
   181
    16
    10
    14
     9
    50
     0
     0
     6
     0
     8
    17
     8
    33
    17
     0
     0
     0
     0
     0
     0
    11
     0
     0
   207
     7
     7
     0
     7
    54
    10
     0
    10
     8
    21
    30
    27
    26
    18
     0
     0
     0
     0
     0
     0
     0
     0
     0
   197
     0
     6
    19
     0
    71
     0
    16
     7
     0
     8
    33
    15
    19
    12
     0
     0
     0
     0
     0
     0
     8
     0
     0
   216
     0
    15
     9
     9
   110
     0
     0
     0
     0
     0
    10
     9
    34
    19
     0
     6
     0
     0
     9
     0
     0
     0
     0
   167
   126
     0
     7
     0
    11
     8
    17
    24
    49
    14
    16
     9
    39
    25
    27
    16
     0
     8
     0
     0
     8
     0
     0
   150
   112
     9
     7
    10
     0
     6
    11
    68
    47
     0
    11
     0
    61
     0
    16
     0
     0
     0
     0
     7
     0
     0
     0
   241
     0
    12
     8
     0
    82
     0
     8
    14
    18
     8
     7
    20
    22
    56
     0
     0
     0
     0
     0
     0
     0
     0
     0
   230
     0
     7
     0
     0
    81
    21
    10
    17
     0
     8
    56
    57
    36
    15
     0
     0
     0
     0
     9
     0
     0
     0
     0
   310
     0
     0
     0
     9
    76
     0
     0
     9
     0
     0
    17
     6
    28
    25
     0
     0
     0
     0
     0
     0
     6
     0
     0
   215
    13
    18
     0
     0
    74
    12
     8
     7
     8
     0
    25
    19
    24
    48
     0
     0
     0
     0
     0
     9
     0
     0
     0
   345
     0
     0
     0
    11
    89
     0
    10
     9
     8
     0
    31
    25
    27
    65
    20
     0
     6
     0
     0
     0
     0
     0
     7
   163
   127
    15
     0
    19
    10
     9
     0
    67
    49
     6
     0
     8
    57
    29
     0
     0
     9
     7
     0
     0
     9
     0
     0
   104
    79
     0
     0
    16
     7
     0
    20
    61
    62
     0
     8
     0
    25
    29
    24
     0
     0
     0
     0
     0
     0
     0
     0
   257
    31
     6
    23
     9
    77
    12
     6
     0
     0
     0
    28
    31
    12
    38
     0
     0
     0
     8
     0
     0
     6
     9
     0
   298
    11
     0
     7
     0
    83
     0
    11
     0
     8
     0
    19
     9
    29
     8
     0
     0
     0
     0
     0
     0
     0
     0
     0
   268
     8
    10
     0
    21
    24
     9
     9
    12
    14
     8
    31
    29
    26
    25
     0
     0
     0
     0
     0
     0
     0
     0
     0
   249
    11
     7
     0
    15
    62
    17
     0
     0
     7
    14
    22
    17
     8
     8
     0
     0
     0
     8
     0
     0
     0
     0
     0
   260
    17
     0
     0
     9
    46
     7
     0
    18
     7
     0
    21
     0
     0
    31
     0
     0
     0
    17
    10
     0
     0
     9
    18
   107
    95
     7
     0
     0
     0
    17
    27
    64
    52
     7
     0
     8
    16
    20
    41
     0
     0
     6
     0
     9
     0
     0
     0
   187
    73
    15
     0
    15
     0
     0
    15
    71
    15
     0
    17
     6
    30
    64
     6
     0
     0
     0
     0
     0
     0
     0
     0
   274
     0
     7
     8
    10
    49
     9
     7
    14
     0
     0
    19
    26
    24
    16
     0
     0
     0
     0
     0
     0
     0
     0
     0
   162
     0
     9
    20
    10
    83
     0
     7
     0
     7
    10
     0
    14
    35
     0
     0
     0
     0
     8
     7
     0
     0
     0
     9
   148
     6
     0
    10
     0
    92
     0
     7
     0
     0
     9
     6
     7
    27
    10
    18
     0
     0
     0
     0
     0
     0
     0
     0
   211
     0
    15
     8
    16
   139
     0
     8
    15
     7
     7
    33
    26
     9
    33
     8
     0
     0
     0
     0
     0
     0
     9
     0
   222
     0
     0
     0
     0
    47
     0
     7
     0
     6
     8
    34
    56
    48
    22
     0
     0
     9
     0
     0
     0
     0
     0
     0
   170
   133
    26
    28
     0
     0
     9
     0
    68
    66
    14
     8
    16
    25
    10
    16
     9
     9
     0
     0
    10
     0
     0
     0
   118
   100
     8
    38
     0
    17
    15
     0
    81
    60
    10
     0
     7
    15
     9
    25
     0
     0
     0
     0
     7
     0
     0
     0
   195
    23
     0
     0
     0
    59
     6
     0
     0
     0
     8
     8
    21
    16
    46
     0
     0
     9
     0
     0
     0
     0
     0
     0
   275
     0
    24
     0
    10
    93
    13
     0
     0
     0
     0
    14
    24
    11
    40
     0
     0
     0
     8
     0
     0
     0
     0
     9
   174
     0
    18
     0
     0
    56
     0
     0
     8
     0
    16
    30
    16
     9
    12
     0
     6
     0
     9
     0
     0
     0
    12
     0
   278
     0
     0
     9
     0
    71
     0
    15
     7
     0
     0
     8
     8
    38
    31
     0
     6
     0
     8
     0
     0
     0
     0
     0
   297
     0
     0
    18
     0
    64
     0
     6
     0
     0
     9
    35
     6
    12
    38
     0
     0
     0
     0
     0
     0
     0
     0
     0
   179
   110
     0
     0
     0
    32
     0
     0
    66
    89
    10
    11
     0
    25
    41
    24
     0
     0
     0
     0
     0
     9
    18
     6
   173
   135
     0
     6
     0
    18
     7
     0
    79
    82
     0
     7
    11
    38
    24
    28
     0
     0
     0
     8
     0
     0
     0
     0
   251
     0
    19
    10
     0
    78
    21
    39
     0
    23
    16
    34
    15
    16
    58
     0
    11
     8
     0
     0
     0
     0
     0
     0
   188
     0
     0
     7
     0
    50
    33
     8
     0
     0
    17
    22
    36
    23
    17
     0
     0
     0
     0
     0
     0
     0
     0
     0
   278
     0
     6
     8
     0
    61
    18
     8
    10
    15
     0
    58
    32
    26
    21
     0
     0
     0
     0
     9
     0
     0
     0
     0
   249
    28
    18
     0
     0
    84
    15
    10
    10
     0
     0
    17
    33
    11
    24
     0
     0
     0
     0
     0
     0
     0
     0
     0
   278
    14
     0
    32
     7
    51
     0
     0
     7
     0
     0
     0
    23
    23
    17
     0
     0
     0
     0
     8
     0
     0
     0
     0
    83
   166
     8
    18
     9
    11
     0
     0
    33
    72
     9
     7
     0
    38
    34
    21
     0
     0
     0
     0
    19
     0
     0
     0
   118
   144
     9
     7
     0
     6
     0
    27
    82
    31
     8
    10
     0
    20
    26
    39
     0
     0
     0
     0
     0
     0
     0
     0
   218
     0
     0
     0
     0
    83
     0
     7
     0
     0
     0
     0
    27
    17
    15
     0
     8
     0
     0
     0
     0
     0
     0
     0
   230
     0
     0
     0
     8
   106
    10
     8
     8
    10
     0
    31
    14
    10
    17
     0
     0
     0
     7
     0
     0
     0
     8
     0
   344
    10
    10
     0
     0
    63
    15
     9
     0
     0
     0
    29
    42
    25
    18
     0
     0
     0
     0
     0
     0
     0
     0
     0
   254
     0
    31
     0
     0
   169
    18
    12
     0
     7
     7
    13
     6
    35
    26
     6
     0
     0
     0
     0
     0
     0
     0
     0
   159
     9
     9
     8
     8
    61
    28
     0
     0
     8
    18
     8
    19
     6
    19
     0
     0
     0
     0
     0
     8
     0
     0
     0
   139
   161
    25
    17
    10
     0
     0
     9
    63
    81
    10
    17
     6
     7
    29
    16
    13
     0
     0
     0
     0
     0
     0
     0
   134
   100
     9
     0
    20
    10
     0
     0
    34
    45
     0
     8
    14
    38
    26
    28
     8
     0
     0
     0
     0
     0
     0
     0
   218
     8
     0
     0
     7
    61
    12
    16
    22
    11
     6
     8
    26
    18
     8
    11
     0
     0
     0
     0
     0
     0
     0
     0
   264
     0
    20
     0
     6
    68
    10
     8
     0
     8
     8
    28
    14
    26
     8
     0
    11
     0
     0
     0
     0
     0
     0
     0
   278
     8
    10
     0
    15
   116
     0
     8
     0
     0
     0
    15
    19
    37
    14
     0
     0
     0
     0
     0
     0
     0
     0
     0
   195
     0
     0
     9
    25
    86
     0
     0
    13
     6
     6
    44
    30
    21
    17
     0
     0
     0
     0
     0
     0
     0
     0
     0
   176
     0
     8
     9
    15
    64
     0
     8
     6
     0
     8
    39
     0
    30
    61
     0
    10
     7
     0
     0
     0
     0
     0
     0
   107
   135
     0
    11
     7
     0
     9
    16
   111
    67
     8
    19
     0
     0
    33
     0
     0
     9
     0
     0
     0
     7
     0
     0
   112
   140
     0
    11
     7
     0
    10
    20
    30
    62
     0
    16
    15
     7
    31
     7
     0
     0
     0
     8
     0
     0
     7
     0
   206
     8
     9
     9
    21
   102
     0
     0
    22
     8
     0
    42
    14
    18
     6
     8
     0
     0
     0
     0
     0
     0
     0
     0
   302
     0
     0
     0
     0
    99
    18
    14
     8
     0
    30
    14
    17
    47
    16
     0
     0
     0
     0
     8
     0
     0
     0
     0
   222
     8
     0
     0
     7
    39
     9
     6
     0
     9
     0
    20
    17
    10
     8
     0
     0
     6
     0
     6
     0
     0
     9
     0
   245
     0
     0
     0
     9
   104
     0
     9
     0
     0
    13
    25
    56
    54
    32
     0
     0
     0
     0
     0
    11
     0
     0
     0
   310
     0
     0
     9
     8
    91
     0
     0
     7
     0
     0
    50
    27
    10
    35
     0
     6
     0
     8
     0
     0
     0
     0
     0
    67
   157
     0
     0
    26
     7
    10
    32
    25
    60
    10
     0
     0
    71
    71
    17
     0
     0
     0
     0
     0
     0
     0
     0
   125
    57
    31
    17
     0
    19
     0
     8
    59
    43
     0
    15
     0
    34
    24
    24
     8
     0
    16
     0
     0
     0
     0
     0
   274
     0
     6
    11
     7
    70
     0
    10
     0
    15
     0
    46
    27
    31
    24
     8
     0
     0
     0
     0
     0
     0
     7
     7
   244
     0
    11
    11
    16
    20
     0
     6
    10
     0
     9
     0
    30
    20
    17
     0
     6
     0
     0
     0
     0
     0
     0
     0
   226
     8
     0
     0
     7
    61
     0
     0
     8
     0
     8
    17
    18
    38
    40
     0
     0
     0
     0
     0
     0
     0
     8
     0
   230
     0
     0
     7
     0
    65
     0
    11
     0
    12
     8
    15
    21
    58
    26
     0
     0
     8
     0
     9
     0
     0
     0
     0
   260
     0
    17
    19
     0
    84
     0
     0
     8
     9
     7
    30
    30
    57
    41
     0
     0
     0
     0
     0
     0
     0
    18
    10
   137
   102
     0
     9
     0
    10
    17
     0
   106
    24
     0
    25
     0
    25
    23
    31
     0
     0
     0
     0
     0
     0
     0
     0
   170
   164
     0
     0
    19
    15
     9
     0
    95
    26
    20
     0
     0
    52
     6
    49
     0
     7
     0
     0
     6
     0
     0
     0
   295
     0
    10
    27
     8
    38
     8
     0
     0
     0
     7
     6
    24
    28
    21
     0
     0
     0
     0
     0
     0
     0
     0
     0
   379
     8
     0
     0
     0
    79
     0
     0
     6
     0
    20
    21
    31
    45
    41
    12
     0
     0
     0
     7
     0
     0
     0
     0
   240
     0
     8
     0
     0
   109
     0
     0
     0
     0
     6
    16
    30
    22
    21
     0
     0
     0
     0
     0
     0
     6
     7
     0
   251
    18
     0
    10
     0
   103
    17
     8
     9
     0
     0
    26
     0
    18
    27
     0
     0
     0
     0
     0
     0
     0
     0
     0
   144
    17
     6
     0
     0
    54
    28
     8
     7
     8
    20
    15
     7
     8
    23
     0
     0
     0
     7
     6
     0
     0
     8
     0
   151
   162
    16
     0
     9
    16
     0
    15
    54
   106
     6
     0
     8
    26
    40
    42
    18
    14
     0
     0
     8
     0
     0
     0
   142
   105
     8
     9
     8
     7
    10
     0
    74
    84
     0
     0
    32
    63
    53
     9
     0
     0
     0
     0
     0
     0
     0
     6
   301
     9
     8
     9
    24
    67
     0
     6
     0
    26
     9
     7
    65
     7
    44
     0
     8
     0
     0
     8
     0
     0
     0
     0
   162
     0
     0
     0
     0
    81
     9
     0
     0
     0
     7
    41
    17
    15
    30
     0
     6
     0
     0
     7
     0
     0
     0
     0
   181
     9
     0
     8
     0
    63
     0
    26
     8
     0
     0
    14
     8
    37
    37
     8
     7
     0
     0
     0
     0
     0
     0
     0
   208
     8
     6
     0
     0
    50
     9
     0
    10
     7
     6
    19
     7
    16
    21
     6
     0
     0
     0
     0
     9
     0
     0
    10
   232
     0
     0
    13
     7
    45
     8
    14
     0
     8
     8
     0
    16
    13
    23
     0
     0
     8
     0
     0
     9
     0
     0
     8
   115
   132
     0
    17
    17
    17
     0
     0
   100
    73
     8
    16
     0
    30
    46
     8
     0
     0
     0
     0
     0
     0
    11
     0
   101
   144
     0
     0
     9
    15
     8
     0
    72
    50
     0
     0
     0
    59
    26
    35
     0
     8
     0
     0
     0
     0
     0
     0
   195
     0
    21
     0
     6
    39
     0
     9
     0
     0
    11
    22
    36
    26
    30
     0
     0
     0
     0
     0
     0
     0
     0
     0
   243
    14
     7
     0
    12
    23
     0
    14
     0
    18
     9
    38
    33
    21
     9
     0
     0
     0
     0
     0
    10
     0
     0
     0
   283
     0
     9
     8
     8
   102
     0
     0
     0
     7
    12
     0
    19
    33
    57
     0
     0
     0
     0
     0
     0
     0
     0
     0
   140
    17
     8
     6
    27
    69
     6
     8
    18
     0
     8
    16
    31
     6
    13
     0
     0
     0
     9
     0
     0
     0
     0
     0
   228
     0
     0
     0
     0
   111
     0
    13
     0
    11
     9
    18
    16
    36
     8
     0
    10
     0
     0
     0
    12
     7
     0
     7
   162
    98
     8
     0
     6
     0
     8
     0
    76
    79
     0
     0
     0
    25
    42
    10
     0
     0
     0
     0
    10
     0
     0
     0
   236
   138
     0
    18
     8
    14
     9
    10
    58
    52
     9
     9
    16
    23
     0
    48
     0
     0
     0
     9
     0
     0
     0
     0
   313
     0
    12
     0
     7
    52
     6
     8
     0
     0
    16
    34
     7
    15
    30
     0
     0
     0
     0
     0
     0
     0
     0
    10
   233
    11
     8
     7
    16
    37
     0
     0
     7
     0
    29
    61
    37
    18
    48
     0
    10
     0
     0
     0
     0
     0
     0
     0
   171
     0
     9
     7
    14
    29
     0
     0
     0
     0
     0
     9
    62
    26
    37
     0
     0
     0
     0
     0
     0
     0
     0
     0
   270
     8
     8
    35
     0
    75
     0
     0
     0
     0
     0
     0
    27
    34
    46
     0
     0
     0
     9
     0
     0
    11
     0
     0
   272
     9
    10
     0
     0
    90
     9
     0
     0
    11
    11
    15
    51
    23
     6
     0
     0
    10
     0
     0
     0
     0
     0
     0
   119
   116
     6
     0
     0
     9
     0
     7
    55
    70
     6
     0
    10
    24
    34
    50
     0
     0
     0
     0
     0
     0
     0
     0
   161
    99
     8
    16
    11
     0
     7
     0
    69
    84
    17
     7
     8
    44
     9
    18
     0
     0
    20
     0
     0
     0
     9
     0
   232
     0
     6
     0
    11
    57
     9
    19
     0
    18
     0
    30
    29
    22
    47
     0
     0
     0
     0
     0
     0
     9
     0
     0
   190
     0
    34
     0
     0
   102
    16
     0
     7
    11
    16
    30
    38
     0
    44
     0
     0
     7
     0
     0
     0
     0
     0
     0
   273
     0
     0
     7
    18
    76
    17
     0
     8
     0
     7
    44
    18
     0
    22
     9
     0
     0
     0
     8
     0
     0
     7
     0
   236
    17
    17
     8
     0
    50
     0
     0
     0
     0
     0
    43
     6
    21
     7
     0
     0
     6
     6
     0
     0
     0
     0
     0
   274
     9
    17
     0
     0
    98
     0
     0
     0
     8
     0
     0
    34
     9
    24
     0
     0
     0
     0
     0
     0
     6
    12
     9
    64
   156
     0
     0
    21
    17
     0
    22
    66
   118
     9
     9
     6
    24
    32
    30
    18
     9
     0
     0
     8
     7
     0
     9
   115
   143
    11
     6
     0
     0
     0
    10
    74
    30
     0
     0
    26
    18
    27
    55
     9
     7
     0
     0
     0
     0
     0
     6
   309
    20
    10
     0
     0
    45
    19
    11
     0
     0
     0
    20
    25
    50
    22
     0
     0
     0
     0
     8
     0
     0
     0
     0
   177
     0
     0
     0
    19
   100
     0
     0
    16
     0
    10
    36
    41
    31
    50
     0
     0
     0
     0
     0
     0
     0
     0
     7
   228
    16
     0
     7
     0
    66
     7
     0
     0
     9
     0
    17
    49
     0
    43
     0
     0
     0
     0
     0
     0
     0
     0
     0
   242
     8
     8
     8
     0
   100
    10
     0
     0
     0
     7
    44
    16
    20
     7
     0
     0
     0
     0
    10
     0
     0
     0
     0
   264
     9
     6
    18
    36
   110
    17
     0
     0
     0
     0
    50
    13
    34
    17
     0
     0
     0
     0
     0
     7
     0
     0
     0
   159
   197
    11
     0
     0
    10
     0
     7
    75
   121
    31
     0
     0
    34
    33
     7
     0
     8
     0
     0
     7
     9
     0
     0
   166
   111
     8
     0
     9
     9
     0
     0
    77
    31
     0
    14
     7
    29
    49
    39
     0
    11
     0
     0
     0
     0
     0
     0
   258
    14
     7
     0
     0
    69
    14
     0
     8
     0
     6
     9
    15
     0
    28
     0
     0
     0
     0
     0
     0
     0
     7
     0
   337
     6
     0
     7
    19
    89
     8
     0
     7
     6
     9
    30
    24
     9
    31
     7
    10
     0
     0
     0
     0
     0
     0
     0
   294
    14
     0
     0
     7
    45
    14
     0
     0
    26
     7
    24
    34
    29
    27
     0
     0
     0
     0
     0
     0
     0
     0
     0
   267
     0
     7
     0
     0
   129
     7
     0
     9
     7
     0
    26
    39
     8
    86
     0
     0
     0
     9
     0
     0
     0
    11
     0
   325
     0
     9
     9
    26
    91
    11
     0
     8
     9
     7
    26
    38
    31
     0
     0
     0
     0
    19
     0
     0
    11
     0
     8
   149
   146
     8
     8
     0
     9
    17
     8
   119
    43
     0
     9
     7
     9
    15
    16
     8
     0
     7
     0
     0
    19
     0
    10
   181
   106
     7
     0
    13
     9
    13
     0
    95
    53
    22
    10
    23
     0
    15
    24
     0
     0
     9
     0
    19
     9
     9
     0
   227
     0
     6
     0
    16
    70
    14
     0
     0
     0
    32
     0
    53
    13
    36
     0
     0
     0
     9
     0
     0
     0
     0
     0
   233
    19
     0
    10
     7
   143
     0
     6
     8
     0
    10
    17
    19
    37
    17
     0
     0
     0
     0
     0
     0
     0
     6
     0
   258
     8
     0
     0
     0
    66
     9
     0
     0
     9
     0
    32
     8
    18
    23
     0
     0
     0
     0
     0
     0
     0
     0
     0
   244
     8
     8
     9
     9
    56
     8
     0
    10
     0
     7
    29
    19
    15
    55
     0
     0
     0
     0
     0
     0
     0
     0
     0
   167
     6
    13
    14
     0
    77
     7
     0
     0
    10
     0
    17
    59
    34
     9
     0
     0
     0
     0
     0
     0
     0
     0
     0
   186
    82
     6
     8
     8
     8
    10
     7
    69
    73
     6
     0
     0
     7
    13
    14
     6
     0
     8
     0
     0
     0
     0
     0
   128
   129
    18
    18
     0
     0
     0
    10
    91
    55
     0
     7
     7
    63
    36
     7
     7
     0
     0
     0
     0
     0
     0
     0
   222
    30
     0
     6
    11
    90
     7
     0
     0
    19
    10
     6
    25
    20
     6
     0
     0
     0
     0
     0
     0
     7
     9
     7
   243
     0
    22
     0
     6
    98
     0
    21
    10
    17
    21
    19
     6
     6
    11
     9
     0
     0
     0
     0
     0
     0
     0
     0
   181
    26
     0
     0
    21
   122
     8
     8
     8
     0
     0
    32
    21
    16
    29
     0
     0
     6
     0
     0
     0
     0
     0
     0
   302
    17
     8
    11
     0
    80
     0
     0
    16
    19
     0
    34
    27
    30
    42
     0
     0
     0
     0
     0
     0
     0
     0
     0
   259
     0
     8
     0
    18
    80
     0
     7
     0
     9
     7
    17
    23
    33
    30
    12
     0
     0
     0
     0
     0
     0
     0
    17
   199
   176
     9
     7
     0
    10
     0
     8
    57
   104
     0
     0
    12
    28
    33
    26
     8
     0
     6
     0
    10
     0
     0
     0
   186
    71
    21
    16
     0
     7
     0
     8
    39
    95
     0
    16
     0
    44
    34
    33
     9
     0
    10
     0
     0
     0
     0
     0
   219
     0
     0
     0
     0
   117
     0
     7
    18
     0
     0
     7
     9
    20
    36
     0
     0
     8
     0
     7
     0
     0
     0
    18
   240
    16
     7
     0
    15
   101
    14
     0
     7
    10
     0
    35
     6
    64
    24
     0
     0
     0
     0
     0
     0
     0
     0
     0
   197
    14
     0
     8
    17
    34
    10
     0
    11
     0
    10
    55
    51
    15
    43
     6
     0
     0
    10
     0
     9
     0
     7
     0
   262
    10
     6
    16
     0
    76
     0
     0
     7
     0
    10
    31
    69
    31
     7
     0
     0
    10
     0
     0
     0
     0
     0
     0
   346
    17
    16
     6
     0
    35
     0
    18
     9
     0
     9
    27
    32
    20
    51
     0
     0
    10
     0
     0
     6
     0
     9
     0
   135
   148
     8
     8
     8
     0
     0
     0
    42
    34
    24
     7
     7
    26
    29
    27
     0
     6
     8
     9
     6
     0
     0
     0
   170
   178
    12
    15
    10
    12
    15
    13
    38
    90
     0
     0
    18
    51
    25
    57
     0
     0
     0
     0
     0
     0
    10
     8
   260
     0
     0
    15
     0
    77
     8
     9
     0
    16
    22
    70
    14
    44
    43
     0
     0
     0
     0
     0
     0
     0
     0
     8
   364
     9
     9
     7
     7
   126
    16
     0
    16
     0
     0
    15
    48
    33
    24
     0
     0
     6
     0
     0
     0
     0
     0
    10
   276
     0
     0
     7
    17
    60
    10
     7
     0
     0
     0
     9
    12
    24
    18
     0
     0
     0
     0
     0
     0
     0
     0
     0
   214
    14
     0
    10
     0
    72
     9
     0
     0
     0
     8
    38
    22
     0
    31
     0
     6
     9
    11
    18
     0
     0
     0
     0
   246
    11
     7
     0
     8
    90
     0
     8
    10
    12
     7
    17
     7
    35
    19
     0
     6
    17
     0
     6
    10
     9
     0
    18
   105
   216
    15
     0
    20
     0
    15
    19
    40
    90
    16
    19
    10
    45
    15
    20
     0
     8
     0
     0
     0
     0
     0
     8
   118
   135
     8
    23
     6
    14
     0
     0
    64
    63
     0
     0
    15
    17
    38
    28
     0
     0
     0
     0
     0
     0
     0
     0
   341
     0
     0
     0
     6
   100
     0
     0
    15
     0
     0
    52
    21
    42
    15
     0
     0
     8
     0
    12
     0
     0
     0
     0
   225
    17
     0
     0
     0
   126
     0
     0
     8
     0
     0
    10
    24
    16
    28
     0
     0
     0
     0
     0
     0
     0
     0
     0
   220
    20
     6
     6
    23
    85
     0
    10
     7
     0
     7
     7
    27
    17
    33
     0
     0
     8
     0
     0
     0
     0
     0
     0
   275
     0
    21
     6
     6
   132
    11
     9
     9
    20
     7
    40
    23
    25
    19
     0
     0
     0
     0
     0
     8
     0
     0
     0
   216
    18
    17
     6
    18
    41
     6
    10
    18
     0
    16
    43
    41
    25
    18
     0
     0
     0
     0
     0
     0
     0
     0
     8
   115
   118
     8
    26
     0
     0
    18
    11
    79
    64
    24
     0
    10
    46
     0
    16
     6
     9
     0
     0
     0
     0
     0
     6
   164
   154
     8
     0
     0
    12
    34
    10
    93
    92
    14
     9
     9
    71
    31
    17
     0
     0
     7
     0
     8
     0
     0
     0
   348
    14
    10
     8
    10
   114
     9
     7
    23
     0
     9
    24
    26
    32
     7
     0
     0
     0
     0
     0
     0
     0
     0
     0
   221
     8
     0
    41
     6
    58
     7
     0
     0
     6
     0
    30
    16
    44
     0
     0
     0
     0
     0
     0
     8
     0
     0
     7
   314
     0
     0
    10
     0
    89
     0
     0
    19
     0
     7
    68
    28
    40
     0
     0
    11
     0
     0
    10
     0
     0
     0
     0
   242
    16
    21
     7
     0
    78
     8
    12
     0
     9
     0
    18
    64
    22
    23
     0
     0
     6
     7
     0
     0
     0
     0
     0
   235
     0
     0
     0
     6
    93
     0
     0
     0
     0
     0
    25
     0
     7
    27
     0
     0
     0
     0
     0
     0
     8
     0
     6
   170
   161
    10
     0
     8
    24
    10
     0
    48
    41
    14
     8
     7
    31
    25
    13
     0
     7
     0
    15
     0
     0
     0
     0
   169
    78
     0
     0
     7
     0
     8
     9
    52
    64
    24
     8
     7
    19
    23
    22
     0
     0
     0
     0
     0
     0
     0
     8
   206
     9
     9
     0
    10
    82
     0
     0
     8
     0
     0
    21
    15
    18
    18
     0
     0
     0
     0
     0
     0
     0
     0
     0
   272
     0
     0
     0
    15
   106
     7
    18
     0
     0
     0
    48
    10
     0
    16
     0
     0
     0
     0
     0
     0
     0
     6
     0
   220
    20
     6
     7
    15
   100
    10
     8
     0
    15
    15
    29
    21
    33
    13
     0
     0
     0
     0
     0
     0
     0
     0
     0
   342
    18
     6
    16
     9
   101
    10
    10
     7
     9
    16
    39
    71
    26
    19
     0
     0
     0
     0
     0
     0
     0
     0
     0
   313
     0
     0
    28
     7
   124
     0
    10
     0
     6
     0
    28
    15
    16
    20
     0
     0
     0
     0
     0
    10
     6
     0
     6
   148
   204
     8
     8
     0
     0
     8
     0
    42
   100
     7
    11
    15
     8
    48
    63
     8
     7
     0
     0
     0
    10
     7
     8
   193
   134
     0
     6
     0
     9
     0
    19
   108
    51
     9
     8
     0
     7
    50
     6
     0
     0
     8
     0
     7
     0
     0
     0
   331
     0
     8
     7
     0
    42
    16
     7
    11
     7
     9
    27
    24
    31
    33
     0
     0
