     0
     0
     0
     0
    10
     0
     7
   418
     0
    17
    14
    15
    94
    17
     7
    28
     8
    12
    50
    41
    50
    22
     0
     7
     0
     0
     0
     0
     0
     6
    13
   408
     9
     0
     7
     8
   193
    32
    10
     7
     9
     7
    48
    37
    59
    47
     0
     0
     6
     9
     7
     0
     0
     7
     0
   337
     0
    24
    13
    21
   114
     0
     8
     0
     0
     6
    57
    42
    26
    33
     0
     0
     0
     0
     0
     0
     0
     0
     0
   321
    36
    18
    21
    13
   158
     9
    19
     0
    18
     0
    35
    33
    14
    28
     6
     0
     0
     0
     0
     0
     0
     0
     0
   349
    37
    19
    18
     7
   198
     7
    10
     0
     9
     9
    58
    67
    35
    54
     9
     0
     0
     7
     0
     0
     0
     0
     0
   282
   250
     9
    34
    11
     0
     7
    29
    98
    86
    24
    10
    25
    42
    14
    25
    10
    18
     8
    11
     9
     0
     0
     8
   280
   242
     0
    12
    36
     0
     8
    23
    86
    95
     7
     8
    10
    61
    81
    45
     0
     0
     0
     0
     6
     0
     0
     0
   515
     0
    20
     7
     9
   107
    19
    35
     0
    24
     7
    40
    30
    61
    67
     0
     0
     0
     0
     0
     0
     0
     0
    10
   383
    17
    32
    13
     0
   241
    14
     0
     0
     0
    10
    44
    48
    59
    53
     0
     8
     0
     7
     0
     0
     0
     0
     0
   427
    34
    35
     9
    23
    92
    16
     0
     0
    20
    32
    41
    45
    39
    69
     0
     0
     0
     0
     0
     0
     0
     0
     0
   378
    15
     7
     0
    17
   167
     9
     0
     8
     6
     0
    53
    48
    21
    58
    20
     0
     0
     0
     0
     8
     0
     6
     6
   402
     8
     7
    17
     9
   119
     9
     0
     6
     0
     9
    88
    44
    57
    25
     0
     0
     0
     8
     8
    19
     0
     0
     0
   219
   283
    20
     6
     0
    12
    18
     8
    96
    92
     6
    37
     0
    95
    26
    81
    15
    10
     8
     0
     0
     0
     0
     0
   149
   238
     0
     0
     0
     8
     8
    27
    81
   110
     0
    21
    10
    40
    59
    28
     0
    10
     0
     0
     0
     0
    14
     0
   444
     0
     0
    20
    15
   148
     0
    21
    10
     9
     7
    46
    21
    39
    34
     9
     0
     0
     0
     0
     0
     0
     9
     0
   458
     0
    23
     0
    31
   115
     7
    18
    18
     0
     6
    29
    61
    35
    16
     0
     0
     0
     9
     0
     0
     0
     0
     0
   329
    16
    15
     0
     0
   122
     0
     0
     0
     7
     0
    26
    46
    28
    38
     0
     0
     0
     0
     0
     0
     0
     0
     0
   443
    45
     7
    15
    14
    76
    25
     0
     0
    23
    22
    58
    51
    65
    75
     0
     0
     0
     0
     0
     0
     0
     0
     9
   409
    18
    19
     8
    29
   113
     8
    15
     9
     8
    18
    37
    38
    38
    51
     0
     0
     0
     0
     0
     0
     0
     0
    10
   211
   281
     8
     8
    13
    17
    24
     0
   148
   108
     9
     0
     7
    46
   109
    69
    19
     0
     0
     6
    10
    15
     0
     6
   188
   226
    20
    43
     0
     0
    28
    17
    55
   128
    14
    19
     0
    51
    60
    64
     0
     0
     0
     0
     0
     0
     0
    16
   398
    21
    20
    10
     0
   232
    29
     0
     9
    15
     0
    68
    25
    40
    14
     0
     0
     0
     0
     0
     9
     0
     0
     0
   372
    19
    18
     9
     7
   162
     6
     0
    22
    24
    15
    46
    88
    48
    47
     0
     0
     0
     0
    11
     0
     8
     0
     0
   392
     0
    25
    10
    16
   163
     0
     0
     0
    18
    17
    31
    44
    13
    16
     0
     0
     0
     0
     0
     0
     0
     0
     0
   431
    16
    20
    24
     0
   152
    34
    10
     6
    16
     6
    63
    66
    57
    19
     0
     0
     0
     0
    10
     0
     0
     0
     0
   341
     0
     9
    10
     0
   129
     8
    10
     9
     0
    22
    41
    30
    22
    28
     0
     0
     0
     0
     0
    14
     8
     7
     6
   138
   211
     0
     9
     0
     0
     0
    18
    95
   113
     0
     0
     6
    50
    34
    25
     0
     0
    26
     0
    12
    17
     0
     8
   250
   310
    26
    17
    18
    16
     7
     0
   129
   146
    31
    31
    10
    58
    62
    52
     0
     0
     9
     0
     0
     0
     0
     9
   475
     0
     8
     0
     7
   159
    15
    27
     9
     0
    14
    24
    54
    25
    26
     0
     0
     9
     0
     0
     0
     0
     0
     7
   386
     0
     0
     7
     0
    59
     0
     0
    17
     0
    18
    42
    53
     8
    26
     0
     0
    11
     0
     8
     9
     0
    10
    15
   394
     9
    15
    18
     8
    72
    13
    10
     0
    31
     9
    13
    26
    51
    40
     0
     0
     8
     0
     0
     8
     0
     0
     0
   440
     9
     9
     9
    23
   158
     9
    17
     8
     9
    16
    53
    46
    51
    55
     0
     0
     0
     0
     0
     0
     0
     0
     0
   327
    34
     0
     0
    24
   145
     7
    16
     8
     9
     8
    16
    44
    41
    50
     0
     0
     0
     8
     0
     8
     0
    17
     0
   235
   306
     8
    18
     6
    20
     0
     9
   104
   101
    25
    19
    13
    38
    49
     8
     8
    13
     0
     9
    15
     0
     0
     8
   245
   267
    31
     0
    29
    17
    12
     8
    81
   119
     8
    23
    11
    33
    44
    65
     0
     0
    10
     0
     0
     0
    17
     0
   361
     0
    14
    17
    19
   128
    10
     9
    15
     8
     0
    27
    40
    25
    25
     0
     0
     0
     0
     0
     7
     0
     0
     7
   381
     7
     0
    18
    10
   112
    10
    30
    16
    16
     7
    48
    28
    44
    22
     0
     0
     0
     0
     0
     0
     7
     0
     0
   460
     8
    14
    22
    17
   140
     0
     7
     9
    17
     0
    41
    41
    69
    38
     0
     0
    10
     0
     0
     0
     0
     0
     0
   368
     7
     8
     9
    12
    86
    16
     0
     7
    17
     8
    54
    33
     8
    43
     0
     0
     8
     0
     8
     0
     9
     0
     0
   461
    14
    15
    30
    12
   163
     8
    21
    17
     7
     0
    37
    51
    72
    41
     0
     0
     0
     0
     0
     0
     0
     9
     8
   239
   227
     0
    19
    27
    29
    22
     0
    72
   145
    21
    10
    27
    45
    64
     9
     0
     0
    24
    11
     0
    10
    11
     0
   227
   182
    16
     0
     9
     0
     0
    18
   170
   147
     0
     7
     0
    59
    63
    51
     0
     0
     7
     8
     0
     0
     0
     8
   503
    10
     0
    21
    10
   187
    17
    21
     8
    19
     9
    30
    17
     6
    55
     0
     0
     7
     0
     0
     9
     0
     9
     0
   449
     7
     8
     9
    16
   148
     8
     0
     6
    15
     7
    54
    27
    46
    43
     0
     0
     0
     0
    11
     0
     0
    14
     0
   408
    11
    45
     7
     6
    82
    27
    11
     0
    33
     0
    39
    51
    55
    30
     0
     0
     7
     7
     0
     0
     0
     0
     0
   441
    27
    29
     0
     0
   184
    19
     0
     8
     8
    15
    38
    34
    25
    86
     0
     0
     0
     0
     0
     0
    12
    10
     0
   448
    14
     6
     0
    18
    78
    10
     0
     0
     0
     0
    34
    35
    23
    44
     0
     0
    14
     0
     8
     0
     0
     0
     0
   282
   205
     0
     0
     0
    27
    18
    14
   135
    80
    25
    18
     0
    42
    25
    56
     9
     7
     0
     0
     0
     0
     0
     0
   227
   261
     0
     7
     9
    24
     9
     0
   172
   114
     0
    19
     8
    60
    21
    41
     0
     0
     0
     0
     0
    19
     0
     0
   393
     6
    18
     9
     9
   118
     8
     7
     0
     0
     0
    92
    53
    45
    46
    11
     0
     0
     0
     0
     0
     8
     6
     0
   370
     9
    16
    77
     0
   136
     9
     0
     0
    10
     0
    27
    18
    48
    42
     8
     0
     0
     0
     0
     9
     0
     7
     0
   307
    18
    25
     0
     8
   107
    14
    18
     8
     9
     0
    20
    59
    79
    44
     0
     0
     0
     0
     0
    10
     0
     0
     0
   279
    25
    23
     8
    26
   138
    10
     0
     0
     0
     0
    62
    35
    80
    17
     0
    16
    10
     0
     0
     0
     0
     0
     8
   453
     9
    15
     0
     0
    99
     0
     0
     0
     0
     0
    57
    47
     0
    21
     0
     0
     9
     0
     0
     6
     0
     7
     7
   252
   242
     9
     8
     8
    14
    23
    23
   161
   184
     7
    22
    15
    22
    90
    52
     0
     0
    17
     6
     9
     6
     0
     0
   148
   219
    40
    23
     0
     0
    11
    12
   121
    86
     9
    12
    23
    33
    70
    56
     0
     0
     0
     0
     0
     0
     0
     6
   461
     0
     9
     0
     7
   142
    24
    16
    33
    11
    17
    29
    35
    21
    56
     0
     0
     0
     0
     0
     0
     0
     0
     0
   419
    22
     8
     7
     0
    81
     8
     8
     8
     9
    16
    81
    51
   101
    14
     0
     6
     0
     0
     0
     0
     0
     0
     0
   259
     0
     9
    11
    18
   120
     6
     0
    12
    18
     0
    47
    70
     8
    38
     0
     0
     0
     0
     0
     0
     0
     0
    10
   491
     0
     0
     0
    10
   121
     6
     0
    24
     7
    11
     0
    38
    34
    40
     0
     0
     0
     0
     0
     9
     0
     0
     9
   425
    27
     0
     8
    24
   125
     8
     0
     8
    28
     0
    16
    24
    78
    27
     6
    15
    11
     0
     7
     7
     9
     0
     0
   260
   229
     0
     0
     7
    18
    15
    15
   122
   139
    19
    24
     8
    51
    14
    42
     7
    11
     9
     0
     0
     0
     0
     0
   291
   193
    19
    17
     0
    26
     0
     0
   153
    81
     0
     7
    10
    19
    99
    57
    17
     0
     0
     0
     0
     0
     0
     0
   399
    31
     7
     0
    23
   107
     0
     0
     8
    16
    21
    46
    30
    17
    52
     0
     0
     0
     0
     0
     0
     0
     0
     0
   339
     0
    18
     0
    28
   108
    26
     6
     0
    23
     7
    55
    16
    41
    57
     0
     0
     0
     0
     0
     0
     0
     0
     0
   366
    11
     0
    17
     0
   172
    17
     0
    30
    12
    20
    18
    31
    37
    34
     9
     0
     0
     0
     0
     0
     8
     0
    11
   409
    32
    57
     0
    19
   144
    16
     8
     8
     6
    17
    52
    28
    58
     6
    11
     0
     0
     0
     9
     0
     0
     0
     0
   399
    23
     9
    11
     0
   109
     0
     7
     0
     0
    16
    34
    40
    23
    83
    16
     7
     0
     0
     0
     8
    30
     0
     0
   176
   173
     8
    16
     8
    17
    22
     9
    96
    91
     0
     0
    35
    27
    62
   101
     0
     0
     0
     7
     0
     0
     0
     0
   184
   286
     8
    26
    13
    21
     0
     8
   114
   115
     8
    14
     0
    36
    40
    63
     0
     8
     0
     0
     0
    19
     9
     0
   296
     8
     0
    20
    10
   127
     8
     0
    16
    26
    21
    55
    27
    32
    70
     0
     9
     0
     0
    11
     0
     0
     0
     0
   347
     7
    42
     0
     9
   104
    18
     7
     9
     9
    17
    40
    75
    39
    30
     0
     0
     0
    10
     0
     0
     9
     0
     0
   401
    26
     0
    23
     8
    78
    11
    10
     0
     9
     0
    35
    40
    53
    16
     0
     0
     0
     0
     0
     0
    16
     6
     0
   366
    24
     0
    15
     0
   167
    11
     0
    19
     6
    20
    20
    42
    65
    74
     0
     0
     0
     7
     0
     0
     0
     0
     0
   302
    27
    10
     7
    17
   105
     0
     0
    11
     6
     0
    21
    87
    13
    11
     0
     7
    26
     0
     0
     0
     0
     0
     8
   195
   196
     8
     9
     9
     6
    11
     8
   173
    65
    15
     8
     0
    31
    44
    22
     9
     0
     8
     0
     9
     8
     0
     0
   217
   279
    37
    53
    20
    18
     0
    26
    89
   150
    10
    14
     0
    66
    23
    30
    17
     0
     0
     7
     0
     0
     0
    10
   352
    38
     9
    36
    16
   127
    14
    11
     9
    11
     7
    67
   108
     7
    31
     0
     0
     8
     0
     0
     0
     0
     0
     0
   283
    20
     9
     9
     7
   117
     7
    11
    33
     0
     0
    37
    16
    14
    58
    10
     0
     0
     0
     0
     6
     0
     0
     0
   345
    18
     0
    36
    10
   117
    10
     9
    22
    13
     9
    32
    74
    65
    53
     0
     0
     0
     0
     9
     0
     0
     0
     0
   275
    14
     6
     0
    20
   121
     9
     6
    10
     0
    22
    33
    37
     6
    40
     0
     0
     0
     0
     0
     0
     0
     0
     0
   409
     9
     0
     0
     0
   159
     6
     0
     8
    19
     0
    54
    49
    21
    25
     0
     0
     0
     0
     8
     0
     8
    10
     6
   248
   172
    10
     0
    29
     9
     9
     0
   131
    97
    11
     9
    10
    40
    56
    62
     0
     0
     7
     0
     0
    10
     7
     0
   237
   184
    23
     0
     0
    20
     6
     7
   147
    71
     0
    23
     0
     8
    76
    30
     0
     0
     0
     0
     8
     0
     0
     0
   402
    19
     0
    27
     0
    90
     0
    14
     6
    15
     0
    59
    33
    34
    30
     0
     0
     7
     8
     0
     0
     0
     0
     7
   389
    27
     0
     8
     7
   139
     0
     7
    12
     7
     0
    68
    14
    60
    40
     0
     0
     8
     0
     0
     0
     0
     8
     0
   466
     0
     0
     9
     0
   146
    17
     0
     0
     0
    34
    60
    56
    37
    52
    14
    19
     0
     0
     0
     0
     0
     0
     0
   341
    10
    34
    14
    25
    72
    12
    25
     8
     6
     7
    17
    82
    45
    77
     8
    10
     0
     0
     0
     0
     9
     0
     7
   345
     9
     8
     0
     0
   137
    14
     0
     8
    12
     9
    60
    47
    29
    37
     0
    12
     0
     0
     7
     6
     6
     9
     6
   219
   214
     0
     6
    25
     9
     0
    50
    91
   105
     0
     0
    15
    16
    60
    61
     0
     0
     0
     0
     0
     7
     8
    11
   242
   160
     9
    23
    29
    12
     0
    31
    79
   130
    18
     6
     0
    57
   102
    64
     0
     0
     0
     0
     0
     0
     9
     0
   419
     0
    13
    19
    33
   191
    18
    25
    35
     6
     7
    25
    57
    43
    41
     0
     0
     0
    11
     0
     0
     0
     6
     9
   443
     0
    13
    19
     0
   123
     9
    21
     0
     0
     0
     7
    14
    55
    32
     0
     0
     0
     0
     0
     0
     0
     0
    11
   298
    18
    16
     0
    17
   132
     0
    22
    24
     9
     8
    14
    37
    24
    12
     0
     7
     0
     0
     0
     0
     0
     0
    10
   473
    27
     7
    36
    20
    82
     0
    24
    10
    13
     0
    22
    75
    53
    36
     0
     0
     0
     0
     0
     0
     9
     0
    11
   442
    10
     0
    19
     0
   138
     0
    10
     9
     8
     0
    40
    24
    37
    51
     0
     7
     0
     0
     7
    13
    11
     0
     0
   230
   309
     9
     0
    17
    16
     0
    26
    86
    98
    19
     0
     0
    24
    61
    59
     0
     9
     8
     0
     0
     0
     8
     0
   265
   249
     0
     0
     0
     8
     0
     6
   117
   140
    10
    25
     9
    57
    75
    38
    10
     0
     0
    10
     7
     0
     0
     0
   400
    24
    13
     9
    26
   112
     0
    25
    15
     9
     0
    51
    43
    57
    41
     0
     0
     0
     0
     0
     0
     0
     0
     9
   435
    14
    10
    19
     0
   102
    15
    34
    13
    14
    30
    34
    42
    49
    36
     0
     6
     0
     0
     7
     0
     0
     0
     9
   492
     6
     0
     6
     0
   105
    11
     8
     0
     7
    14
    63
    28
    27
    22
     7
    16
     0
     0
     0
     0
     0
     0
     0
   511
     0
     0
    18
     0
    71
    10
     8
     0
    25
     6
    27
    56
    51
    25
     0
     0
     0
     0
     0
     0
     0
     0
     7
   406
     0
     0
    22
     8
    83
     0
     7
     0
     8
     8
    88
    43
    19
    34
     0
     9
     6
     0
     0
     0
     8
    10
     0
   177
   212
     7
    10
    20
     0
    19
     0
    90
   144
    17
     9
     7
    92
    14
    92
    11
     0
     0
    25
     0
     0
     0
     8
   263
   233
    17
     6
    30
    12
     8
     9
   135
   138
     9
    14
    15
    94
    45
    29
     0
     0
     0
     0
     0
     0
     0
     0
   436
    18
    11
     8
    16
    95
     0
     7
    15
     9
     0
    45
    50
    45
    81
     0
     0
     0
     0
     0
     0
     0
     7
     0
   362
     7
    17
     0
    10
   170
    14
    10
     0
     0
    11
    28
    61
    68
    74
     0
     0
     0
     0
     0
     8
     0
     0
    10
   393
     0
     8
     9
    12
   140
     0
     9
    17
     6
    10
    16
    38
    10
    26
     0
     0
    10
     0
     0
     0
     6
     0
     0
   438
     9
     0
     8
    16
   192
     0
     8
     0
     0
     7
    27
    55
    36
    49
    18
     0
     0
     0
     0
     0
     0
     0
     0
   503
    26
    17
    11
    12
   120
     6
    15
    24
     7
    18
    33
    33
    44
    51
    17
    10
     0
     0
     0
     9
     9
     8
     9
   165
   225
    12
     6
     6
     8
     8
    12
   145
   120
     6
    10
    30
    93
    59
    57
     6
     6
     8
     8
    16
     8
     6
     0
   184
   173
     0
     9
     8
    11
    17
    14
    82
   141
    10
    33
    12
    50
    66
    55
     0
     0
     0
    10
     0
     0
     0
     0
   329
     8
    12
     0
    16
   156
     6
     0
    10
    20
     0
    55
    23
    43
    25
     0
     0
     0
     0
     6
     0
     8
     0
     0
   345
    18
     8
     0
     0
    75
    15
    32
     0
     0
     8
    25
    36
    55
    24
     0
     8
     0
     0
     0
    12
     0
     0
     0
   437
     0
    17
    21
     0
   114
     0
     7
    17
     0
     0
    29
    54
    36
    19
     0
     0
     8
     0
     0
     0
     0
     0
     0
   370
    21
     0
     0
    11
    57
    15
     9
    21
    32
     0
    18
    35
    26
    72
    15
     0
     0
     0
     0
     0
     0
     0
     7
   284
    36
     6
     6
    20
    77
     0
     6
     7
     0
     0
    49
    61
    63
    61
     0
     8
     0
    18
     8
     0
     8
     0
    10
   198
   293
    18
    10
     0
     0
     0
     0
   147
   131
    15
    27
     0
    28
    34
    33
     0
     0
     8
     8
     8
     7
     0
     0
   195
   261
    19
     8
     9
     0
     6
    10
   113
    86
    16
    10
     9
    33
    40
    95
     0
     0
     0
     0
     0
     0
     0
     0
   580
    15
     0
     0
     0
   124
     7
     7
     7
     9
     0
    73
    61
    44
    44
     0
     0
     8
     0
     9
     0
     0
     0
     0
   370
     0
    10
    30
    10
   111
     0
     8
     7
     0
    10
    48
    46
    45
    25
    10
     0
     0
     0
     0
     9
     7
     0
     0
   368
     9
    17
    14
     9
   148
     0
     0
     7
     0
    17
    34
    42
    50
    43
     0
     0
     0
     0
     0
     0
     0
     8
     0
   469
    18
    10
     8
    10
    69
     0
     0
    25
    18
     7
    55
    62
    48
    46
     0
     0
     0
     0
     0
     0
     6
     0
     0
   371
    21
     7
    27
     0
    95
     6
     8
     0
     9
     6
    37
    37
    41
    24
     0
     7
     8
     0
     8
     0
    11
     8
     0
   200
   145
     7
     0
    27
     6
     0
     9
   121
    89
    34
     0
     7
    87
    94
    59
     0
     0
     0
     0
    16
    18
    18
     0
   202
   224
     8
     6
    27
     0
     0
    15
   124
   112
    22
    26
     0
    55
     8
    47
     0
     0
     0
     8
     8
     0
     0
     8
   314
     0
    14
    37
     8
    77
     8
     0
     0
    14
    17
    41
    51
    30
    45
     0
     0
     0
     0
     7
     0
     0
     0
    10
   442
    10
     0
     0
     0
   124
    24
     0
     0
     0
     0
    73
    22
    30
    16
     0
     0
     0
     0
     7
     0
     0
     0
     9
   369
     0
     0
    35
     9
   145
     0
    27
     9
     0
     0
    60
    14
    27
    44
     0
     0
     9
     8
     0
     0
     0
     6
     0
   448
    18
     8
     0
     0
    89
     0
     0
    17
     7
    19
    13
    42
    37
    29
     0
     0
     9
     0
     0
     0
     0
     0
     0
   423
     8
    24
     7
     0
   105
    30
     0
    16
    33
     9
    37
    93
    52
    32
     0
     7
     0
    16
     0
     9
    10
     0
     0
   282
   169
     0
    22
    29
     0
     0
     0
   182
   114
     6
     7
    14
    42
    34
    32
     0
     0
     9
     0
     6
     0
     0
     8
   235
   222
     0
     0
    14
    12
     9
    18
   104
   100
     6
    14
     0
    49
    30
    41
     8
     0
     9
     0
     0
     8
     0
     6
   491
    10
    16
    26
     0
    82
     8
     9
     0
    12
     0
    36
    29
     9
    52
     0
     8
     0
     0
     0
     0
     0
     0
     0
   355
     9
    15
     0
    29
    94
    10
    17
    21
     6
     6
    22
    32
    33
    39
     0
     0
    10
     8
     0
     0
     0
     7
     0
   420
    19
     0
     8
     6
    98
     0
    15
     9
     0
     7
    47
    25
    40
    56
     0
     0
    10
     0
     0
     0
     0
     0
     0
   352
    10
     0
     0
     0
   134
    10
     0
     0
     0
     7
    46
    37
    34
    19
     0
     0
    11
     0
     0
     0
     0
     0
     0
   343
     9
    14
     7
    10
   131
    20
     0
     0
     0
     8
    22
    52
     9
    40
     0
     0
     0
     0
    17
     0
     0
    17
     0
   227
   207
    10
     0
     0
    12
     0
    20
   108
   101
     7
     7
     0
    24
    63
    46
     0
     0
     0
     8
    10
     0
     0
     6
   216
   258
    39
    22
     8
    19
    33
    17
   129
   170
     9
    29
    12
    56
    61
    67
     8
     0
     0
     0
     0
    11
     0
     0
   452
     9
    16
    16
    10
    59
     8
    11
     9
    24
     0
    66
    61
    51
    23
     0
     0
     9
     8
     0
     0
     0
     0
     6
   430
     8
    16
    18
     0
   112
     8
     0
     0
    36
     8
    43
    33
    29
    25
     0
     0
     0
     0
     0
     0
     0
     0
     0
   379
     0
     0
     0
     0
   203
     0
    19
     8
     6
    16
    27
    74
    43
    16
     0
     0
     7
     0
     0
     0
     0
     0
     0
   419
    17
     9
    10
    19
    68
    15
    18
     9
     7
     0
    33
    51
    36
    28
     0
    12
    10
    10
     9
     0
     9
     0
    15
   333
    22
    11
     0
    10
   142
    15
    30
     0
     0
     0
    38
    36
    39
    48
     0
     0
     0
     7
     8
    11
     0
     0
     0
   205
   184
    15
    19
    10
     0
    17
     9
   100
   107
     0
    20
     0
    34
    25
    24
     0
     8
     0
     8
     0
    11
    18
    15
   132
   250
     0
    22
     0
    10
     6
     7
    90
   142
     6
     7
     0
    47
    18
    58
     0
     0
     0
     0
     0
     8
     0
     0
   322
     7
     7
     0
     9
   104
    12
     6
     8
     9
     0
    53
    20
    34
    36
     0
     0
     0
     9
     0
     0
     0
     8
     6
   328
    14
     0
     0
    16
   101
    20
     0
    10
     0
    22
    33
    32
    21
    27
     0
     0
     0
     0
     0
     0
     0
     0
     0
   296
     9
     8
    18
    10
   104
     0
     0
    18
     0
    18
    55
    56
    20
     7
     0
    18
     0
     0
     0
     0
     0
     8
     0
   357
    17
    51
    27
     0
   164
     0
    12
     0
     6
     6
    26
    43
    50
    44
     0
     7
     0
     0
    10
     0
     0
     0
     0
   495
     0
    15
    26
     0
   150
     9
     8
    10
    11
    20
    41
    53
    10
    72
     0
     0
     0
     0
    10
     0
     0
    11
    15
   228
   193
    47
    17
    16
     0
     0
    26
   162
    77
     6
     7
    24
    26
    48
    32
    11
     8
     8
     7
    12
     0
     0
    21
   222
   230
     6
    10
     0
     7
     6
    24
   101
   155
     9
    15
    15
    54
    18
    29
     7
     0
     0
     0
     0
     0
     0
     0
   297
    25
     7
     0
    28
   153
     7
     9
     0
    25
     0
    62
    49
    34
    71
     0
     0
     0
     0
     0
     8
     0
     0
     0
   420
    10
     7
     9
     7
   130
     0
    18
     6
     8
     0
    26
    14
    45
    25
     0
     0
     0
     0
     0
     0
     0
    10
     0
   350
    11
    16
     0
     0
   116
     7
    34
     0
     8
     0
    52
    53
     6
    52
     6
     0
     0
     0
     0
     0
     0
     0
     0
   430
    18
    11
    17
     0
   131
    16
     0
    14
     0
    16
    26
    30
    42
    35
     0
    10
     0
     0
     0
     0
     0
     0
     0
   283
     8
    12
     0
     7
    74
     6
     0
     7
     8
     9
    42
    47
    10
    62
     0
     0
     0
    11
    18
     0
     8
     0
     0
   240
   147
     0
    15
    17
    10
    17
     0
    81
   118
     0
    15
     0
    51
    62
    36
    11
     7
     0
     0
     0
     0
     0
     6
   268
   184
     0
     8
     6
    10
     0
     9
   173
   125
    23
    16
     8
    33
    24
    32
     0
     0
     0
     0
     0
     0
     0
     0
   414
    19
     0
     0
     0
   160
    23
    10
     0
     7
     0
    34
    63
    15
     9
     0
     0
     0
     0
     0
     0
     0
     0
    11
   348
     8
     0
     7
    11
   152
    16
     9
     0
     7
     0
    52
    99
    38
    43
     0
     7
     7
     0
     0
     6
     0
     0
     0
   359
     9
     6
    11
    19
   123
    20
    14
     0
    25
     9
    39
    14
    31
    49
     0
     0
     0
    12
     0
     0
     0
     0
     0
   247
     0
    24
    19
     6
   150
     9
    10
     0
    34
    20
    26
    23
    44
    29
     0
    29
     0
     0
     0
     0
     7
     0
     0
   439
     9
    19
     0
     9
    79
    10
    16
     7
     8
    26
    48
    33
    34
    14
     0
     0
     0
     0
     0
     0
     0
     0
     0
   200
   181
    19
     0
    10
     8
    10
    16
    80
   117
     0
    17
     0
    69
    60
    41
     0
     0
    10
    10
     8
     0
     0
     0
   189
   167
    18
    31
    17
     0
     0
    10
   118
    94
     8
     0
     9
    54
    51
    59
     0
     0
     0
     8
     0
     0
     0
     0
   363
     0
     7
     8
     0
   133
     6
     0
    11
     0
     0
    39
   105
    23
    28
     0
     0
     0
     6
     0
     0
     9
     0
     8
   311
    35
    12
     6
     6
   133
     0
     6
     0
     9
     0
    21
    31
    49
    13
     0
    10
     0
     0
     0
     0
     0
     0
     0
   331
    20
     0
     0
     8
   168
     0
    17
    17
     0
     7
    43
    27
    71
    20
     0
     0
     0
     9
     0
     7
     0
     0
     0
   371
     0
     8
    18
    18
    63
    10
     0
    10
     9
     8
    58
    18
    40
    62
     0
     0
     0
    11
    18
     0
     0
     0
     0
   314
     8
     6
     0
    19
   141
    17
     7
     8
    17
    20
    19
    89
    25
    66
     9
     6
     0
     9
     0
     7
     0
    10
     0
   237
   115
     0
     0
    13
     8
     0
    23
   127
   123
    18
     9
     0
    33
    42
    63
     8
     0
     0
    16
     0
     0
     0
    11
   180
   221
    30
    30
     6
     0
     9
    15
    78
    94
     0
    19
     0
    42
    55
    33
     0
     7
     0
     0
     7
     0
     0
     0
   415
     0
     0
     9
     0
   115
    20
     0
    18
     0
    16
    48
    14
    74
    68
     7
     0
     0
     0
     9
     0
     0
     0
     0
   419
    24
     0
    16
     8
   114
     0
     0
     0
    24
    23
    16
    22
    37
    17
     0
     0
     0
    17
     0
     0
    10
     0
     8
   321
     6
     0
     6
     0
    88
     6
    15
     0
    25
    10
    59
    42
    32
    42
     0
     0
     0
     0
     0
     8
     0
     0
     0
   382
    22
     9
    15
    15
    86
    19
    10
     0
     9
     0
    26
    31
    16
    50
     0
     0
     0
     0
     0
     0
     0
     8
     0
   421
    21
     0
     7
     9
    42
     6
     9
    29
     0
    13
    47
    22
    56
    44
     0
     0
     0
     0
     6
     0
     0
     0
     0
   196
   238
     8
    11
     0
     6
     8
     6
    98
    91
    27
     8
     0
    18
    46
    52
    10
    10
     0
     0
     7
     7
     7
     9
   143
   261
    15
     0
    15
     6
    18
     8
    46
   181
     0
     8
     7
    77
    23
    26
     0
     7
     6
     8
     0
     0
     0
     0
   385
     8
     8
    10
     8
   149
     0
    10
    31
     0
     0
    57
    86
     0
    36
     0
     0
     0
     9
     0
     0
     0
     0
     0
   404
    10
     0
    18
     0
   105
    17
     0
    16
    22
     0
    33
    39
    72
    47
     0
     0
     0
     0
     0
     0
     0
     8
     0
   446
    22
    11
     0
     0
    86
     8
     9
     0
     8
     0
    46
    36
    34
    29
     0
     0
     0
     7
     0
     0
     0
     0
     0
   325
     0
    10
    16
     0
    85
    16
     0
    10
    16
    26
    22
    49
    35
    37
     0
     8
     0
     0
     7
     7
     0
     0
     0
   329
    15
     0
    15
    24
    50
    11
     9
     0
     7
     0
    47
    13
    67
    32
     0
     7
    16
     0
     0
     0
     6
    11
     0
   166
   186
    37
    37
    25
     0
     0
     8
    62
   145
    18
    10
     0
    35
    52
    42
     0
     0
    14
     7
     0
     0
     0
     0
   228
   144
     0
    18
    26
     0
    12
     0
    80
   127
     0
     7
     0
    41
     8
    16
     0
     0
     9
     0
     0
     0
     0
     0
   403
     0
    23
     0
    10
   110
     9
     0
    15
     6
     0
    30
    40
    48
    32
     9
     6
     0
     0
     0
     0
     0
     0
     9
   371
     8
     6
    19
     8
    78
     9
     8
     0
     0
     0
    50
    33
    49
    17
     8
     0
     7
     0
     0
     0
     0
     0
     7
   342
     8
    14
    29
    46
   102
    13
     0
     0
     9
    15
    24
    28
    47
    32
     0
     0
     0
     0
     0
     0
     0
     0
     0
   430
     0
     0
    10
     0
    88
    26
     7
     9
     9
    12
    52
    18
    23
    33
     0
     0
     0
     0
     0
     0
     0
     0
     0
   361
    22
    17
    12
     9
    57
    14
     0
    20
     0
    20
    31
    24
    60
     7
     0
     0
     0
    11
     0
     0
     0
     0
     8
   160
   200
     9
    12
     8
    28
     9
    11
    32
   136
     9
     0
     6
    46
    15
    39
     0
     8
     0
    15
     0
     0
     0
     7
   125
   236
     0
    14
     0
     9
     0
     6
    74
   112
     0
    30
     0
    28
    57
    37
     9
     0
     0
     0
     0
     0
     0
     0
   409
     8
     6
     0
     0
    47
     8
     0
     0
     0
     7
    40
    25
    41
    13
     8
     0
     0
     0
     0
     0
     0
     0
     0
   307
     7
    15
    24
    12
   151
     0
     0
     0
     0
    11
    37
    55
    70
    48
    10
    11
     0
     0
     0
     0
     0
     0
     0
   298
     0
     9
     0
     0
    98
     0
     6
     7
    19
    29
    38
    17
    35
     9
     0
     0
     8
     0
     6
     9
     0
     0
     0
   368
     0
    25
    16
    23
   177
    17
     8
     8
     0
    12
    61
    14
    31
    18
    10
     0
     0
     0
     0
    10
    11
     0
    11
   344
     6
    26
     9
    18
   106
     0
    10
     0
     7
     9
    41
    48
    58
    45
     0
     0
     0
     9
     8
     0
     0
     0
    11
   242
   145
     0
     0
    10
    27
     0
    17
   128
    91
     0
     0
    12
    37
    18
    68
     0
    16
    16
     7
     7
     9
    15
     0
   198
   209
    14
     0
    10
     6
     0
     0
   133
    95
    16
     0
    20
    19
    33
     8
     0
     0
     0
     0
    17
     0
     0
     0
   343
    12
     7
    17
     0
   114
     0
     0
     0
     0
     0
    57
    20
    29
    27
     0
     0
    20
     0
     0
     0
     0
     0
    10
   344
    29
    10
     7
    22
    96
     0
     0
     0
     0
     0
    23
    27
    17
    35
     0
     0
     8
    10
     0
     6
     0
     0
     0
   304
    10
     8
     8
    11
   164
     0
     0
     9
     6
     8
    18
    29
    54
    18
     0
     0
     0
     0
     0
     0
     0
     0
     0
   422
    10
    15
     0
     0
   148
     0
     0
     0
     7
    20
    46
     0
    57
    33
     0
     0
     0
    13
     0
     0
     0
     0
     0
   319
    23
    28
    20
    10
    68
    14
     0
    16
    14
     0
    38
    47
    87
     8
     7
     7
     0
     0
    16
     7
    10
     9
     6
   160
   211
     0
     0
     0
     8
     0
    10
   155
    80
     9
     9
    22
    23
    76
    28
    10
    16
     0
    12
     0
     0
     0
    10
   215
   214
     9
     7
    12
    10
     7
     8
   106
    72
    16
     0
     0
    23
    33
    60
     0
     0
     0
     0
     0
     0
     8
     0
   318
     0
    16
    29
     9
   100
     7
    22
     0
     7
    15
    45
    47
    19
    49
     0
     0
     0
     0
     9
    10
     8
     7
    16
   376
    11
     6
    10
    14
   153
     8
    11
    18
     0
     0
    22
    39
    44
    31
     0
     0
     0
     0
     0
     0
     0
     0
     0
   309
    19
     7
    16
    14
   148
    17
     7
     7
     0
     0
    31
    62
    45
    40
     0
     9
     0
     0
     0
     0
     0
     6
     0
   343
     6
     0
    26
    17
   128
    35
    14
    20
     6
    10
    39
    26
     7
    50
     0
     6
     0
     0
     0
     6
    10
     0
     0
   361
    38
    10
     8
     0
   121
    20
    24
     0
     0
     9
    51
    54
    50
    53
     8
     0
     0
     0
     0
     0
     6
     0
     0
   222
   201
     8
    14
     6
     0
    16
     6
   117
    99
     8
    12
    28
    82
    27
     9
     8
     0
    10
     9
     0
     0
     8
     0
   195
   214
    12
    14
    18
     0
     0
    18
   109
    97
     6
     9
     0
    57
    31
    63
     0
     0
     0
     0
     7
     0
     0
     0
   275
     6
     0
     7
     6
   134
    26
     0
     0
    37
    10
    21
     7
    38
    54
     0
     7
     0
     0
     0
     0
     0
    20
     0
   356
     0
     0
     6
    16
    99
     6
    18
     0
     8
     0
    26
    49
    46
    36
     0
     0
     0
     0
    15
     0
     0
     0
     0
   230
     9
    14
     0
    15
   149
     7
     9
     0
    24
     0
    54
     6
    38
     9
     0
     0
     0
     0
     9
     0
     0
     0
     0
   322
    15
     6
     0
     8
    92
    11
    16
     0
     9
     0
    48
    32
    17
    43
     0
     0
     0
     0
     0
     0
     0
     0
     8
   374
    18
    12
    12
    17
   127
     9
     0
     0
    11
     0
    65
    41
    21
    57
     0
     0
     0
     0
    10
     8
     0
     9
     0
   211
   191
     0
    37
     8
     6
     0
     9
    97
    91
     7
     0
     0
    39
    51
    39
     0
     7
     0
     0
     0
     9
     0
     0
   216
   259
     0
     6
    15
     0
    13
    20
    83
    87
     8
     0
     6
    51
    77
    24
     0
     0
     0
     0
     0
     0
     0
     0
   335
    18
     0
     0
     0
   161
     0
    11
     0
     0
     8
     9
    22
    35
    13
     0
     0
     0
     0
     0
     0
    14
     0
     0
   374
     7
     0
     7
    10
    85
     9
     8
     0
     8
    17
    36
    20
    43
    65
     0
     0
     0
     0
     0
     0
     9
     0
     0
   430
     0
    15
     6
     0
   128
     6
     0
     0
     9
    17
    35
    26
    37
    46
     0
    10
     0
     0
     0
     0
     6
     0
     0
   434
     9
    19
    16
    11
   146
    10
    15
     0
    15
    17
    18
    32
    51
     8
    23
    14
     0
     0
     0
     7
     0
     0
     0
   424
    17
     0
     0
     0
    88
    10
    14
     0
     8
     0
     6
    49
    52
    15
    16
     0
     0
    11
     0
     8
     0
     0
     0
   174
   171
     6
    10
    16
     0
     9
    10
   152
    90
    16
    28
    12
    31
    64
    71
     0
     0
     8
     0
     0
     7
     0
     0
   174
   236
     0
    18
     0
     0
    16
     0
   108
   123
     9
    17
     0
    47
    31
    34
     0
     0
    16
     0
     7
     0
     0
     0
   354
    15
     9
    15
     6
   145
    28
     8
     7
    23
    18
    41
    57
    62
    42
     0
     7
     0
     0
     0
     0
     0
     8
     0
   334
     0
    18
     8
     7
   115
     0
     0
     0
     8
    10
    18
     0
    47
    28
     0
     0
     0
     0
     0
     0
     0
     0
     0
   457
     0
    24
    25
     9
    93
     7
     0
    18
     0
    18
    18
    56
    19
    37
     0
     0
    12
     0
     0
     0
     9
     0
     0
   331
     9
    16
     0
     8
    97
     0
     0
     0
    14
     7
    31
    55
    62
    23
     7
     0
     0
     0
     0
     0
     0
     9
     0
   378
     0
     0
     0
     0
   109
     8
     6
    16
    15
    17
    31
    21
    42
    50
    19
     8
     7
    16
     0
     7
     6
     0
     0
   182
   173
     9
     8
     9
    22
     9
    15
   104
    51
     0
     8
    24
    30
    16
    69
     0
     6
     9
     0
     9
     0
     0
     0
   131
   175
     0
    20
     0
    31
     7
     8
   108
    91
     8
    22
     0
    34
    16
    25
     0
     0
     6
     0
     0
     0
     0
     0
   323
     0
    27
     9
    19
    65
     0
    20
    14
     6
    10
    23
    19
    38
    44
     0
     0
     0
     0
     0
     8
     0
     0
    11
   350
    19
     0
     9
    16
   102
     0
    26
     0
     0
     0
    16
    41
    45
    50
     0
     0
     0
     0
     8
     0
     0
     0
     0
   357
     0
     0
     0
     0
    96
    25
     0
     9
     0
     8
    21
    42
    36
     0
     0
     0
     0
     0
     0
     0
     0
     0
     0
   330
    17
     0
    19
     0
   133
    11
     6
     6
     0
     0
    22
    66
    48
    17
     0
     0
     0
     0
     0
    15
     7
     0
     0
   286
     0
     0
    10
    24
   149
     0
     6
     9
    10
     0
    36
    13
    40
    19
     0
     0
     0
     0
     0
     0
     0
     0
     0
   224
   209
     9
     0
    27
    14
     9
    10
   118
    95
    16
    17
    15
    29
    62
     7
     0
     0
    14
     0
     0
    14
     6
     0
   167
   252
     0
     9
    18
    42
    38
     8
   110
    96
     7
     0
    15
    52
    57
    30
     0
     0
     0
     0
     0
     0
     0
     0
   475
     9
     0
     7
     8
   147
    10
     6
     0
     0
     0
    20
    45
    36
     7
     0
     0
     0
     0
     0
     0
     0
    11
     9
   373
     0
     8
    38
     0
   184
     0
     0
     8
     0
    12
    21
    40
     7
    23
     6
     0
     0
     0
     0
     0
     0
     0
     0
   340
     6
     0
     0
     8
   151
    21
    10
     9
     0
     0
    25
    34
    42
    24
     0
     6
     0
     0
    11
     0
     0
     0
     0
   396
    23
     0
     0
     8
    88
     6
     0
     7
     6
     0
    24
    44
    21
    28
     0
     0
     0
     0
     0
     8
     0
     0
     7
   316
     7
     0
    10
    10
    83
     0
    17
     8
     6
     9
     9
    31
    46
    48
     0
     0
     0
     9
     0
     0
     8
     9
    11
   180
   181
     0
    23
     6
    26
     8
     6
   115
    68
     6
    17
     7
    65
    33
    14
     0
     0
     7
     0
     7
     0
     0
    12
   197
   200
     8
     7
     8
    16
     0
    21
   111
    37
    19
     8
    39
    55
    25
    67
     0
     0
     9
     0
     0
     0
     0
     9
   371
    13
     0
     0
    30
   105
     0
    27
    10
     0
     0
    55
    30
    47
    38
     0
     0
     0
     0
     0
     0
     0
     0
     9
   381
    18
     7
    16
     7
   139
    15
     0
     0
     7
     0
    40
    34
    40
    41
     0
     0
     0
     0
     0
     0
     0
     0
     0
   332
     0
     0
    18
     0
   174
    23
     0
     0
     0
    17
    91
    38
    49
    52
     0
     0
    10
     9
     0
     7
     0
     9
     0
   269
     0
     8
    17
    10
    86
    16
     0
     9
    10
     0
    33
    34
     7
    42
     0
     0
     9
     0
     0
     0
     0
     0
     0
   288
     0
     8
    16
     0
   162
     0
     0
     8
     8
     0
     8
    63
    26
    19
     0
     9
     0
    11
     0
     0
     0
     0
     0
   238
   206
    14
    16
     0
     0
    18
    24
   117
    61
     0
     9
    19
    18
    58
    36
    21
     7
    10
     8
     0
     0
     6
     0
   244
   248
     0
     8
    10
     9
     7
     0
    85
   109
    20
     8
     0
    14
    44
    10
     0
     0
     0
     0
     9
     0
    21
     0
   377
     0
     6
     7
    14
   106
    12
     9
     6
    15
     0
     9
    20
    78
    42
     0
     7
     0
     0
     0
     0
     0
    14
     0
   332
    10
    20
     0
    19
   113
     0
     0
     7
    15
     8
    26
    51
    26
    52
     7
     0
     0
     0
     0
     0
     9
     0
     0
   305
     0
     0
     7
    17
   142
    19
     8
    10
     7
     8
    54
    15
    33
    20
    10
     0
     0
     0
     0
     0
     0
     0
     0
   231
     0
    17
     8
    11
   120
     0
     0
     0
     6
     0
     7
    31
    42
    29
     0
     0
     0
     0
     0
     0
     9
     7
     0
   403
     6
     0
     9
     9
   113
     0
    11
     0
     8
     0
    42
    71
    26
    32
     0
     0
     0
     0
     8
     0
     0
     0
     0
   286
   188
    15
    36
    13
    31
     0
     9
   143
   166
     0
     8
     6
    26
    73
    33
    18
    26
     8
     0
     8
     9
     7
     0
   182
   224
     6
    33
     0
     8
    10
     8
   102
    97
    15
    15
     9
    24
    62
    42
     0
     0
     0
     0
     7
     0
     0
     0
   328
    19
     8
    10
     9
    64
    21
    30
    21
     0
     0
    34
    59
    42
    28
     0
     0
     0
     0
     9
     0
     0
     0
     6
   424
    11
    18
     8
    16
    74
     0
    15
     7
     0
     0
    51
    35
    30
    42
     0
     0
     0
     0
     0
     0
     0
     0
     0
   401
    19
    23
    11
    15
    93
     0
    10
    18
    21
     0
    16
    40
    23
    47
     0
     0
     0
     0
     0
     0
     0
     0
     0
   386
    15
    21
     8
     0
   122
     9
    10
     0
    17
    15
    45
    20
    27
    66
     0
     6
     0
     0
     7
     8
     0
     0
     0
   272
     9
     0
     7
     0
   106
     0
     0
     9
     0
     0
    33
    75
     8
    23
     0
     0
     0
     0
     8
     0
     7
     6
     0
   242
   274
     0
    10
     0
    15
     9
     0
    83
    70
    15
    17
     0
    65
    33
    40
    12
     6
     0
     7
     0
    19
     6
     0
   259
   224
    21
     0
     0
     0
    25
     8
    99
   125
     9
     0
     8
    50
    16
    24
     0
     7
     0
     0
     0
     8
     0
     0
   354
    28
     9
    16
    18
    97
     7
     0
    12
    16
    24
    35
    50
    57
    55
     0
     0
     0
     0
     6
     0
     0
     0
     0
   356
    14
    16
     0
    17
   139
     8
    10
     6
    24
     0
    37
    47
    75
    66
     0
    12
    18
     0
     0
     0
     7
     0
     7
   322
     0
     6
    17
     6
   103
    18
     9
     0
     8
     0
    24
    39
    27
    27
     0
     0
     6
     0
     0
     0
     0
     0
     0
   309
    32
    17
     0
    10
   137
    17
    25
    14
    20
     0
    37
    78
    53
    36
     0
     7
     0
     0
     9
     8
     0
     0
     8
   409
     0
     0
     9
    10
   110
     0
     6
     0
     0
    16
    54
    10
    23
    36
     6
     7
     0
     7
     0
     7
    10
     8
     7
   204
   163
    10
    18
    24
     0
     6
     9
   136
   144
     0
    10
     6
    35
    40
    56
     0
     0
     0
     0
     0
     7
     0
     7
   244
   150
    19
     0
    36
    10
    21
    10
   136
    53
     0
     9
     8
    43
    23
    67
     0
     8
     0
     0
     0
     0
     8
     0
   342
     0
    10
     0
    15
    94
    27
    18
     0
     0
     0
    36
    54
    50
    41
     9
     0
     0
     0
     6
     0
     0
     0
     0
   382
     8
    10
     9
    17
    74
    19
     0
    14
     0
     0
    54
    39
    48
    23
     0
     0
     0
     0
     0
     0
     0
     0
     0
   414
    10
    19
    24
    17
    93
    12
     0
    22
     0
     7
    17
     0
    30
     7
     0
     0
     0
     9
     0
     0
     0
     0
     0
   315
    16
     6
    17
    19
    88
     8
     7
     8
     0
    14
    50
    53
     9
    40
     0
     0
     0
     0
     0
     0
     0
     0
     0
   370
    16
     8
     0
     0
    80
    16
    10
    12
     0
     0
    57
    36
    26
    70
     0
     7
     7
     8
     0
     8
     0
     0
    10
   155
   194
    27
    15
     6
     0
     8
     9
   169
   139
     9
    16
    11
    23
    75
    54
     0
     8
     0
     8
     8
     0
     0
     0
   257
   165
    22
     6
    22
    21
    26
    11
    75
   112
     0
     6
     9
    19
    32
    35
     0
     0
     0
     0
     8
     7
     0
     0
   303
    12
     6
    15
     0
    59
     0
    13
    12
     0
    10
    91
    27
    55
    16
     0
     0
     0
     0
     0
     0
     0
     0
     9
   350
     8
     0
    19
     0
    78
     7
    12
     7
     8
     8
    36
    40
    38
    42
     6
     0
     0
     0
     0
     0
     0
     6
     6
   422
     8
    18
     0
     9
   128
    15
    23
    37
     0
    15
    32
    38
    77
    37
     0
     0
     0
     0
     9
     0
    10
     0
    11
   338
    15
     0
    12
     7
   107
    24
    22
    16
     0
     0
    34
    46
    44
    54
     6
     0
     0
     0
     8
     0
     0
     0
     0
   392
     8
     0
     9
     0
   106
     0
    24
     0
    10
    18
    63
    38
    39
    24
    11
     0
     6
     0
     0
     0
     0
    10
     8
   190
   204
     9
    10
     6
    15
     9
     0
    88
   112
     8
     9
     0
    95
    33
    61
    10
     0
     8
     0
     7
     9
     8
     7
   183
   221
     7
     9
    17
     9
     7
    21
    89
   126
    19
     0
     7
    25
    37
    71
     0
     0
     0
     0
     0
     0
     0
     0
   371
     0
    25
     9
    22
   154
     0
    10
     0
    14
     8
    27
    34
    37
    65
    11
     0
    12
     0
     0
     8
     0
     9
     0
   356
    32
    27
     0
     0
    93
     6
     6
     6
    18
    26
    25
    32
    31
    47
     0
     0
     0
     0
     9
     0
     0
     0
     0
   484
     0
    24
    19
    23
   109
     8
     0
    19
     7
     6
    44
    40
    47
    24
     0
     0
     0
     0
     8
     0
     0
     0
     0
   371
     0
    25
     0
     0
    98
    27
     0
    18
     9
     0
    40
    22
    11
     0
     0
     0
     8
     0
     0
     0
     0
     0
     6
   333
     7
    12
    16
     0
   106
     0
     9
     6
     6
    10
    44
    19
    31
    11
     0
    11
     0
     7
     0
     9
    14
     0
    11
   206
   199
    16
     0
     0
    36
     8
     0
   118
   135
     0
     6
    18
    41
    35
    56
     0
     0
     7
     0
     6
     0
     0
     8
   198
   205
    22
     0
    29
     7
    10
    17
   127
    96
     0
     8
     8
    35
    43
    20
     0
     0
     0
     0
     0
     0
     0
     0
   418
    15
     9
     8
    19
   128
    23
     0
     8
     0
    18
    14
    15
    45
    54
     0
     7
     0
     8
     0
     0
     0
     8
    10
   361
    39
    25
    16
     7
   179
     0
     9
    17
     8
     6
    30
    26
    43
    25
     0
     0
     0
     0
     0
     0
     0
     7
     0
   378
    15
    20
     0
    18
   137
    19
    11
    28
    16
    11
    65
    47
    35
    63
    11
     0
     0
     0
     0
     0
     0
     0
     8
   291
    19
     8
     8
    10
   109
     9
    25
     0
    10
     0
    28
    17
    37
    38
     0
     0
     0
     0
     0
     0
     9
     0
     0
   336
     0
     0
    23
    11
   149
    10
     0
     0
     8
     6
    46
    51
    32
    34
     0
    13
     0
     0
     0
     0
     0
     0
     0
   217
   240
    30
    25
    28
    14
    16
     0
    58
    91
    17
     8
     0
    47
    64
    68
    29
     0
     0
     0
     8
     6
     0
     0
   162
   264
    25
    15
     9
    12
     0
     0
    99
    57
     0
     6
    17
    39
    15
    83
     0
     0
     0
     0
     0
     0
     0
     0
   413
    13
     6
    14
    12
   140
    36
    20
     0
     0
     7
    18
    28
    47
    15
     0
     0
     0
     0
     0
     0
     0
     0
     0
   373
    15
    19
    10
     9
   166
    13
     9
    16
     0
    10
    14
     6
    26
    18
     0
     0
     0
     0
     0
     0
     0
     0
     0
   384
     7
    17
    12
    14
   107
     9
    14
    15
    18
    10
    18
    30
    34
    22
     0
     8
     0
     0
     0
     0
     0
     0
     0
   346
    16
     0
    14
     0
   131
     0
    19
     8
     8
    20
    46
    24
    33
    17
     0
    10
     0
     0
     0
     0
     0
     0
     0
   365
     0
     8
     9
     6
   145
     9
     7
     0
     0
     9
    52
    17
    34
    60
     6
     0
    10
     0
     7
     7
     0
     0
     0
   192
   299
    18
     0
     9
    10
    17
    32
   185
    59
    12
     9
    10
    67
    37
    19
     7
     0
     8
    11
     0
     0
     0
     0
   115
   196
     7
     0
     9
     9
    17
     0
   180
   125
    13
     0
     0
    53
    39
    44
     8
     0
     0
     0
     0
     0
     0
     0
   425
     0
    17
     8
    22
   109
    11
    28
     0
    11
     9
    38
    38
     9
    14
     7
     0
     0
     0
    11
     0
     0
     0
     7
   409
     7
    15
     0
     7
    64
     7
     7
    20
    29
     0
    39
    23
    57
    30
     0
     0
     0
     9
     0
     0
     0
     0
    21
   295
    10
     9
    14
    15
   170
     8
    14
    10
    17
    10
    57
    33
    51
    46
     0
     0
     0
     0
    10
     0
    22
    10
     0
   381
    16
     0
    17
     0
   123
     6
     9
     0
    17
    26
    13
    53
    33
    31
     0
     0
     0
     0
     0
     0
     0
     0
     0
   444
    20
    10
    18
     0
   108
     0
     8
    17
     0
    26
     8
    54
    26
     9
    15
     7
     0
     8
     7
     0
     0
    11
    25
   226
   230
    14
    19
     8
    17
     0
    20
    85
    89
     9
     7
     0
    42
    34
    49
     0
     0
     0
    31
     0
     0
     7
     0
   154
   196
     0
     0
    20
    13
    15
    17
   107
   127
     7
     0
    32
    55
    70
    42
    16
     0
    10
     0
     0
     0
     0
     0
   333
    29
     8
    14
     0
    92
    24
     0
    16
    23
     0
    51
    54
    84
    39
     0
    17
     0
     0
    10
     0
     0
     0
     0
   377
    30
     0
     9
     0
   150
    16
     6
     9
     0
    18
    68
    56
    46
    23
     0
     0
     0
     0
     0
     0
     0
     8
    42
   397
     0
     0
     0
     0
    92
    13
     9
     0
    23
     8
    30
    63
    36
    35
     0
     0
     0
     0
     0
     0
     0
     7
     6
   323
     0
    10
    29
     9
   117
     0
     9
     0
     6
     7
    23
    37
    44
    32
     0
     0
     8
     0
     0
     0
     0
     6
     0
   308
     0
    15
    16
     8
   167
    10
    20
     8
    10
     0
    64
    27
    31
    28
     0
    10
    21
     8
    17
     0
     0
     0
     0
   235
   282
    16
    12
    18
     0
     7
    42
    88
   110
    17
    10
     0
    72
    55
    18
    15
    10
     6
     0
    15
     0
     0
     0
   225
   259
    11
    14
     0
     0
    36
     7
    54
    91
    24
     8
    13
    26
    42
    16
     0
     0
     0
     0
     0
     0
     0
     0
   407
     9
     0
    18
     7
   125
    15
     8
    15
     0
     9
    31
    14
    70
    68
     0
     0
     0
     0
     0
     0
     0
     0
     0
   391
    24
     9
     7
    18
   101
     0
    18
     0
     7
     7
    21
    47
    36
    46
    17
     9
     0
     0
     0
     0
     0
     0
     0
   423
     9
    12
    11
     8
   144
     8
     8
     9
     0
     0
    34
    21
    40
    58
     0
     0
     0
     0
     0
     0
     0
     0
     0
   355
     0
     0
    10
     9
   129
     0
     6
     0
     8
     0
     0
     6
    39
    39
     0
    18
     0
     0
     0
    10
     0
     0
     0
   329
     0
    15
    18
     0
    98
     0
     7
    16
     9
     7
    36
    47
    18
    33
     0
     0
     0
     0
     0
     0
     0
     7
     9
   156
   274
    34
    17
    47
     9
    36
    25
    84
   102
     9
    18
    15
    63
    34
    24
     0
    10
     0
     0
    11
     0
     0
     0
   179
   172
     0
    16
    26
     9
     0
    10
    85
   125
    12
    25
    26
    24
    77
    28
     0
     0
     0
     0
     0
     0
     7
     0
   401
    21
    15
     0
     0
   186
     9
     0
    19
    15
     6
    17
    28
    45
    67
     7
     8
     0
     0
     0
     0
     0
     0
     0
   398
     9
     0
    16
     8
   187
     0
     6
     0
     6
    19
    30
    19
    43
    25
     0
     0
     0
     0
     0
     0
     0
     0
     0
   402
     7
    10
     0
     0
    92
     7
    29
     0
     7
     8
    38
    44
    19
    22
     0
     0
     0
     7
     0
     0
     0
     0
     9
   363
     0
     0
     7
    32
    90
     0
    27
    11
    32
     0
    31
    48
    39
    33
     0
     0
    10
     0
     0
    16
     0
     0
     0
   381
     7
     7
    26
    16
   159
     6
     7
    15
     0
     8
    19
    39
    28
    39
     8
     0
    19
     8
     9
     0
    18
    10
     0
   247
   181
    18
     7
    36
    22
     0
     7
    91
   118
     0
    25
     8
    40
    45
    25
     0
     0
    15
     0
     0
     0
     0
    16
   210
   244
     9
     0
     8
    18
    13
     6
    68
   112
    25
    10
    25
    39
    46
    43
     0
     0
     0
     0
     8
     0
     0
     0
   345
     0
     8
     0
    24
   152
     0
     9
     8
     7
    19
    62
    37
    76
    42
     0
     0
     8
     0
     0
     0
     7
     0
     0
   511
    21
    33
     7
     8
   119
    27
     9
     0
     0
     0
    45
    30
    21
    39
     0
     0
     0
     7
     6
     0
     0
     0
     0
   416
    16
     8
     0
    38
   114
    17
    10
    25
     0
    17
    42
    39
    61
    57
     0
     0
     0
     0
     0
     0
     6
     0
     0
   297
     0
    14
    20
     9
   119
     8
    16
    12
     9
    15
    26
    35
    44
    35
     0
     8
     8
     0
     0
     0
     0
     0
     0
   323
    13
     0
    13
    15
   112
     0
    10
    10
     9
     0
    68
    52
    33
    73
     0
     8
     0
    10
     0
    11
    17
     0
     8
   185
   173
     8
    17
     7
     0
     9
     8
   136
   101
    27
    15
    20
    77
    43
    58
     9
     7
     0
     9
     0
     6
     8
     0
   248
   180
    16
    14
    50
    21
    16
     0
   132
   136
    19
    19
    20
    47
    68
    34
     0
     0
     0
     0
     0
     0
     0
     0
   430
     0
    39
    15
    13
   103
    19
    28
     0
    17
     7
    49
    49
    55
    43
     0
     9
     0
     0
     9
     0
     0
     0
     0
   482
     7
    35
     9
     8
   141
    13
    14
    11
     9
    26
    52
    44
    50
    37
     0
     0
     8
     0
     7
     0
     0
     0
    12
   366
    21
     0
     0
    10
   110
    19
    10
     0
     0
    11
    47
    74
    37
    32
     0
    17
     0
     0
     0
     0
     0
    11
    17
   365
    12
    10
    16
     0
    78
    18
     8
    24
     0
    30
    48
    32
     6
    16
     9
     0
     0
     0
     0
     0
     6
     6
     0
   349
     9
     8
     7
    10
   143
     0
    24
    28
     7
    25
    10
    49
    27
    44
     0
     0
    16
     0
     9
     0
     0
     0
     0
   182
   197
    10
     7
     6
     0
    16
    11
    48
    82
    18
     7
     0
    45
    37
    42
     0
     8
     0
     0
     8
     0
     8
     9
   158
   212
     0
     8
    16
    15
    20
     0
   151
    91
    17
     6
     0
    46
    38
    42
     0
     0
     0
     0
     6
     0
     0
     0
   410
     0
     0
     9
     6
   128
    18
     8
     6
     0
    26
    89
    38
    33
    33
     9
     0
     8
     0
     0
     0
     6
     9
     0
   394
    23
     0
    28
     0
   102
    19
    11
     0
    10
     0
    35
    34
    35
    51
     0
     0
     0
     0
     0
     6
     0
    10
     0
   485
     6
    41
     8
     7
   112
     0
    18
    31
    10
    24
    65
    20
    28
    42
    10
     9
    11
     0
     0
     7
     0
     0
     0
   410
     0
    30
    24
    21
   151
     8
     0
     9
     0
    25
    64
    40
    40
    35
     0
     7
     0
     0
     0
     0
     0
     0
     0
   466
    15
     8
     0
     0
   145
    12
     0
    14
     6
    23
    46
    50
    45
     8
     0
     8
    10
     7
     0
     8
    14
    10
     6
   215
   232
    25
     8
    20
     7
     0
    28
   126
   142
     9
     6
     0
    29
    73
    54
    12
    16
    17
    17
     9
     0
     0
     0
   195
   238
     9
    15
    26
     0
    23
    15
   112
   179
     8
     9
    14
    22
    25
    26
     0
     7
     0
     0
     0
     0
     0
     0
   363
     0
     0
    13
     0
   123
     0
    15
    12
    17
     9
    67
    62
    56
    17
     0
     0
