     0
     7
    11
     0
     0
     9
    11
   258
    14
     0
     6
     7
   191
     0
    18
     0
     0
     7
    41
    51
    35
    24
     0
     0
     0
     0
     0
     0
    11
     0
     9
   271
     7
     0
     8
    16
   131
     0
     0
    31
     0
     0
    85
    40
    20
    60
     0
     0
     0
     0
     0
     0
     7
     0
     0
   394
    22
    40
     0
     0
   121
    22
    26
     0
     8
     8
     7
    24
    17
    16
     8
    10
    10
     0
     0
     0
     9
     0
     0
   377
     0
    10
     6
     8
   214
     0
     0
     0
    13
    17
    26
    43
    34
    60
     0
     9
     6
     0
     9
     0
     0
     0
     0
   365
     8
     8
    26
     7
   118
     0
    17
    16
     0
     0
    46
    17
    33
    10
     0
     0
    11
     7
     0
     0
     9
     0
     8
   199
   169
    10
    30
     0
     8
     9
    11
   186
   136
    15
    20
    17
    74
    20
    17
     0
     0
     7
     0
    10
     0
     0
    10
   232
   295
     7
     8
     9
     7
     0
    16
    84
   125
     0
    16
     0
    25
    75
    21
     7
     0
     6
     0
     0
     0
     0
     0
   360
     0
     0
    13
    19
    96
     0
     0
     0
     0
     0
    44
    34
    83
     8
    10
     0
     0
     8
    10
     0
     0
     0
     0
   472
     7
     7
     0
     9
   103
     0
    16
     0
    10
    11
    13
    42
    23
    44
     8
     0
     0
     0
     0
     0
     0
     0
     0
   292
    16
     8
    31
    11
    86
    15
     0
    14
     8
    25
    49
    40
    41
    50
     0
     0
     0
     0
     0
     0
     0
     7
     8
   341
     0
     8
     8
     0
    99
    27
     0
     0
     0
     0
    35
    41
    63
    31
     0
     0
     0
     0
     0
     0
     0
     0
     0
   417
    21
    19
    23
    37
    58
     9
    25
     9
    10
     0
    24
    24
    15
    41
     0
    16
     7
     0
     0
    12
    11
     8
     0
   111
    76
    10
     7
    11
    11
     0
     9
   124
   117
    15
     8
     7
    55
    50
    50
     0
     0
     0
    23
     0
     0
    22
     0
   287
   160
    16
    10
     0
    11
     8
     0
   124
    82
    31
     7
    20
    56
    29
    14
     9
     0
     0
     0
     0
     0
     0
     0
   287
     7
    23
    11
     0
   104
    18
     0
     0
     6
    14
    38
     8
    32
    39
     0
     0
     0
     0
     0
    20
     0
     0
     0
   361
    15
     0
     0
     9
   134
     9
     0
    17
    28
    15
    26
    37
    39
    36
     0
     0
     0
     0
     0
     0
     0
     0
     0
   381
    16
     6
     0
     6
   157
     9
    28
     0
     0
     0
    46
    36
    15
    31
     0
     0
     0
     8
     8
     0
     0
     0
     0
   337
     0
    16
    24
    17
   125
    11
     0
     0
     0
    16
    77
    16
    28
    18
     0
     0
     0
     9
     0
     0
     0
     0
     0
   385
     0
     0
    19
    18
    49
     6
     0
    17
     0
     0
    54
    50
    40
    54
     0
     8
     0
     0
     8
     8
     6
     8
    18
   197
   270
     9
    24
    25
     0
     7
    11
   136
    79
     0
    15
     0
    48
    33
    69
    10
     0
    19
     0
     8
    10
     0
     0
   289
   175
    15
     8
     7
     0
    33
    24
   116
   182
     8
     6
    17
    60
    50
    37
     0
    10
     0
     0
     0
     0
     0
     0
   392
     0
     0
     0
     0
   128
    16
    19
    17
    22
     0
    31
    15
     8
    64
     0
     0
     0
     0
     0
     0
     0
     0
     0
   397
    18
    18
     9
    10
    82
    17
    16
    16
     0
    20
    30
     7
    21
    58
     0
     9
     0
    11
     0
    11
     0
     0
     8
   408
     0
     6
     0
    10
   146
     0
    17
    15
     9
     0
     7
    57
    21
    35
     0
     0
     8
    11
     8
     0
     0
     0
     0
   292
    15
     8
    17
    13
   160
    11
    17
     0
     6
     0
    27
    57
    17
    17
     0
     0
     0
     0
     0
     0
     0
     0
     0
   396
    30
     0
    15
    10
   145
     0
     9
    11
    10
     0
    42
     7
    46
    35
     0
     8
     6
     0
     0
     7
     0
     0
     6
   210
   250
    42
    18
     0
    19
    15
     8
   123
   168
    10
    16
     0
    47
    28
     8
    16
     0
    13
     0
    11
     7
     0
    12
   161
   199
    13
     8
     0
     0
     9
    26
   122
   103
     9
    18
    21
    69
    27
    21
     9
     0
     8
    15
     0
     9
     0
     0
   292
     8
    23
     7
    19
   157
     9
     0
     0
    18
     9
    22
    36
    56
    40
     0
     0
     0
     6
     0
     0
     7
     0
     0
   441
     0
     9
     9
     0
   154
     7
    24
     0
    13
    10
    15
    38
    29
    33
     0
     0
     0
     0
     0
     0
     0
     0
     0
   439
     7
    19
    28
     0
   167
    10
     6
     0
     8
    17
    23
    54
    62
    36
    11
     0
     0
     0
     0
    15
     0
     0
     0
   339
     6
     0
    17
     6
   113
    11
    19
     9
     0
    30
    37
    33
    41
    20
     0
     0
     0
     0
     0
     0
     0
     0
     0
   360
    10
    26
     7
    22
   106
     9
     7
     0
     0
    25
    29
    29
    94
    38
     0
     0
    11
    15
     0
     8
    17
     9
     7
   195
   220
     0
     0
     0
     9
     6
    16
    80
   122
     7
     8
    31
    89
    47
    44
    17
    17
     0
     0
     0
     6
     0
     0
   210
   172
    16
     0
     9
     7
    20
     0
    76
    84
     0
     0
    30
    18
    41
    43
     0
     0
     0
     0
     0
     0
     0
     0
   336
     7
    19
     9
     9
    78
     0
     8
     0
     0
     0
    58
    25
    39
    23
     0
     0
     0
     7
     0
     0
     0
     0
     0
   326
    16
    11
    18
     0
   138
     0
     8
     7
    21
    24
    43
    28
    66
    30
     0
     0
     0
     0
     0
     0
     0
     0
     0
   390
     0
     8
    26
     7
    87
    22
    12
    16
     8
    13
    16
    36
    43
    54
    24
     0
     0
     8
     0
     0
     6
     0
     6
   452
     0
    11
     0
     0
   171
    25
     0
     0
     0
    16
    38
    42
    33
    33
     0
     0
     0
     0
     0
     0
     0
     7
     0
   343
    15
    14
     7
     8
    71
     0
     8
    11
    21
     0
    32
    47
    52
    29
     0
     0
     6
     0
     9
     8
     0
    17
    16
   199
   178
     7
     0
    15
     8
     0
     8
    90
   120
    11
     6
     0
    45
    64
    71
    18
     0
     6
     0
     9
     0
     0
     0
   188
   217
    11
     6
    31
     6
    17
    19
    93
   122
     0
     8
    22
    64
    45
    61
    11
     0
     0
     0
     0
     0
    10
     0
   467
     0
    18
    10
    15
    82
    17
    13
    17
     0
    29
    11
    54
    37
    16
     0
     0
     9
     0
     0
    10
     0
     0
     0
   373
    10
     0
    25
    13
   116
     0
     0
     0
     0
    10
    40
    40
    49
    14
     0
     0
     0
     8
     0
     0
    16
     0
     7
   440
    26
    19
     7
    15
    77
     9
     9
    26
    11
    13
    26
    43
    59
    27
     0
    11
     0
     0
     0
     7
     0
     0
     0
   346
     0
     7
    24
     7
   153
     0
     0
     8
     0
    11
    35
    44
     8
    17
     0
     0
    11
     9
     8
     8
     0
    12
     0
   362
     0
     0
     7
    35
    74
    16
     0
     8
     0
     0
    46
    24
    27
     8
     0
     9
     0
     0
    18
     0
     9
     7
     0
   171
   283
    39
     0
     0
     0
     7
     6
    76
   112
    19
     0
     9
    42
    38
    17
     8
     0
    17
     0
     9
    19
     0
     0
   210
   251
     0
     8
    26
     0
     0
     6
    65
    77
    17
    19
    23
    35
    25
    24
     8
     0
     7
     0
     0
     7
     0
     0
   323
    34
     6
     6
     8
   117
    13
     0
     0
     0
    20
    61
    41
    73
    18
     0
     0
     0
     0
     0
     0
     0
    10
     0
   348
    10
     0
     0
    19
    98
    18
     9
    10
     0
     8
    28
    19
    29
     8
     0
     0
     0
     0
     0
     0
    20
    11
     0
   380
    15
     0
    10
     6
   101
     0
     7
     9
    21
     0
    35
    58
     0
    59
     0
     0
     0
     0
     0
     0
     0
     0
     0
   435
    16
    14
    15
     0
   148
    23
     6
    29
    16
     0
    37
    69
    38
     9
     7
    10
     0
    10
     0
     0
     0
     0
     0
   358
    12
     7
     9
    17
   137
    10
     0
     0
     0
     0
    29
    39
    49
    28
     0
     0
     7
    11
     0
    15
     0
     0
     0
   275
   157
    18
    15
     0
     8
     9
     0
   155
    70
    17
    24
    24
    16
    41
    34
     0
     0
     0
     0
     0
     0
     0
     7
   196
   297
    14
    12
    11
    15
    38
     0
   127
   157
     8
     0
     8
    39
    34
    66
     0
     0
     0
    11
     6
     0
     0
     0
   437
    19
    24
    20
    28
    68
    15
     0
     8
    10
    20
    63
    27
    51
    41
     0
     0
     0
     7
     9
     8
    14
     0
     0
   322
     8
     8
     6
    26
   117
     9
    10
    24
     7
     0
    41
    38
    76
    47
     0
     0
     0
     0
     9
     0
     0
     0
     0
   310
     8
     9
    15
    18
   147
    10
     0
     9
     9
     0
    42
    40
    27
    38
     0
     0
     0
     0
     0
     0
     0
     8
     0
   270
     0
     0
    24
     7
   117
    25
     0
     0
     0
    10
    14
    58
    34
    61
     0
    11
     0
     0
     0
     0
     0
     0
     0
   414
     0
    14
     8
     0
   153
    11
     0
    32
     0
    10
    31
    19
    25
    12
     6
     0
     8
    16
     8
     8
     9
    12
     0
   176
   231
    12
     0
     0
    12
    10
    11
    79
   125
     0
     0
     8
    61
    42
    55
     0
     8
     0
     6
     9
     0
     7
     7
   207
   153
     8
     8
     0
     8
    17
     0
   102
   140
    23
    17
     0
    64
    28
    34
     0
     0
     0
     0
     0
     0
     0
     0
   319
     0
    24
    30
    18
   106
    25
    14
    11
    18
     0
    10
    49
    45
    41
     0
     0
     0
     8
     0
     6
     0
     0
     0
   239
     0
     0
    14
    17
   148
     0
     0
    10
     0
     0
    31
    51
    62
    21
     0
     0
     0
     0
     0
     6
     0
     0
     0
   371
     9
    17
     9
    12
   186
     8
    16
     7
    10
     0
    68
    17
    50
    43
     0
     0
     0
     0
     0
    10
     0
     0
     0
   295
     9
    31
    10
    15
    97
    11
    10
     6
     6
     9
    34
    65
    45
    34
     8
     0
     6
     0
     0
     0
     0
     0
     0
   296
    10
    25
    20
    28
    71
     0
     8
     0
     0
     0
    65
    36
    45
    26
     0
     0
     7
     8
     0
    11
     0
     0
     9
   199
   181
     0
     9
    18
    10
     0
     0
   115
   148
     0
     0
     0
    38
    46
    39
    29
     0
     0
     0
     9
     7
    17
     0
   119
   204
     0
     0
    16
    12
     9
     7
   158
    77
    17
    17
    16
    31
    48
    45
     0
     0
     0
     0
     0
    10
     0
     0
   361
    27
     0
    16
     0
   122
    14
     0
     0
    16
    30
    60
    69
    22
    28
     9
     0
     0
     0
     0
     9
     0
     0
     0
   414
     0
     9
    27
     9
    53
     9
    21
     0
     0
     9
    44
    34
    37
    47
     0
     0
     0
     0
     8
     8
     0
     0
     0
   438
     0
    16
     0
     0
   113
    15
    24
    16
     0
     0
    24
    36
    44
    67
     0
     0
     0
     8
     0
     0
     0
     0
     0
   322
     0
    11
     0
     0
   103
     0
     0
     0
     0
     0
    14
    44
    11
     6
     0
     0
     0
     0
     0
     0
    10
     0
     0
   349
     0
     9
     0
     8
   112
    16
    10
     9
     9
    15
    24
    51
    32
    41
     0
    14
     0
     0
     8
     0
     9
     0
     0
   216
   165
    20
     9
    36
    10
     8
     9
   107
    75
    17
    29
    23
    41
    44
    51
    10
     6
     0
     0
    17
     7
     0
     0
   168
   205
    17
     0
     7
     7
    11
     8
    89
   138
     0
     9
    22
    16
    66
    39
     0
    11
     0
     0
     0
     0
     0
     0
   427
    15
    22
     0
     0
   187
     8
    19
    25
     6
     0
    22
    51
    33
    10
     0
     0
     0
     0
     0
     0
     6
     6
     0
   334
    43
     8
     0
    10
   164
     6
     8
     9
    19
     0
    25
    60
    54
    18
     0
     0
     6
     0
     0
     0
     0
     0
     0
   304
    14
    19
     0
     9
   145
     6
     0
     0
     9
     0
    43
    57
    27
    17
    11
     0
     0
     0
     0
    14
     0
     0
     0
   335
     9
    16
     6
     0
    63
     0
    17
    18
     0
    20
    15
    65
    43
    29
     0
     0
     0
     0
     7
     0
     9
     0
     0
   358
     7
     0
    10
     8
   116
     0
    34
     0
    17
     9
    24
    37
    31
     8
     0
     7
     0
     8
     0
     9
     0
     0
     0
   231
   188
    17
     0
    10
    15
    15
     8
   116
   142
     7
     0
    11
    45
    33
    16
     9
     0
     0
     0
     9
     0
     0
     0
   168
   241
    14
     7
    19
     6
    10
     9
   161
    65
     8
     7
     0
    49
    44
    43
     8
     0
     6
     0
     9
     0
     0
     0
   451
    10
     0
    12
     7
    74
     0
     6
     0
     8
     0
    31
    14
    51
     7
     0
     0
     0
     0
     0
    10
     0
     0
     0
   289
     0
    10
     0
    14
   163
     0
     0
    15
     0
    15
    69
    59
    26
    62
     0
     0
     0
     0
    16
     0
     0
     0
     9
   434
     9
    11
    12
    18
   129
    19
    17
     0
    17
     7
    35
    43
     0
    61
    10
     0
     0
     0
     0
     0
     8
     0
     0
   314
     8
     0
    18
     0
   121
     0
     0
    13
    24
    17
    27
    29
    15
    94
     0
     0
     0
     0
     0
     0
     0
     0
     0
   363
     7
    14
     0
     0
   141
     0
     0
     0
     6
     8
    34
    25
    17
    16
     0
     0
     0
    14
     0
     0
     0
    10
     0
   224
   194
    20
     7
    13
     0
     0
     8
    87
    57
    15
     6
    17
    35
    41
    54
     0
     0
     0
     0
     0
     6
     0
     7
   137
   157
    11
    24
    16
     8
     7
     6
    81
   106
     7
     6
     8
    19
    58
    57
     0
     0
     0
     0
     0
     0
     0
     0
   352
    13
     9
     8
     7
   159
     7
     8
     9
    17
     0
     9
     6
    30
     0
     0
     0
     0
     0
     0
     0
     6
     8
     0
   273
     7
     0
     0
     8
   106
     0
     0
    36
     7
    10
    73
    25
    56
    23
     0
     0
     0
     0
     0
     0
     0
     0
     9
   374
    10
     9
    18
     0
   157
     9
     9
     0
    18
    16
    22
    61
    15
    42
     0
    15
     7
     0
     0
     0
    17
     8
    11
   341
    17
     0
    45
     0
   143
     0
     8
    13
     8
    10
    39
    31
    48
    25
     0
     0
     7
     0
     0
     0
     0
     0
    10
   359
    18
     0
     0
     8
   129
     0
    15
    28
     7
     0
    16
    27
    20
    37
     0
     0
     0
     0
     8
     0
     8
     0
     0
   176
   149
    16
    11
     7
     0
     7
     7
    94
    81
     8
    20
     0
    46
    24
    34
     0
     7
     0
     6
     0
     0
    18
     0
   149
   211
    16
    23
     8
     7
    13
    11
    84
   138
    30
    13
     8
    28
    27
    42
     0
     0
     0
     0
     0
     0
     8
     0
   275
    13
     0
    17
     9
    93
     0
     0
     0
     0
    16
    37
    16
     7
    29
     0
     0
     0
     0
    10
     0
     0
     0
     7
   445
     7
     0
     9
     8
   130
    29
    16
    14
     6
     0
    30
    34
    22
    54
     0
     0
     0
     0
     8
     0
     9
     0
     0
   351
     0
     0
    19
     0
   155
     0
     9
     0
     7
    17
    58
    26
    78
    43
     0
     0
     0
     0
     0
     0
     0
     0
     0
   356
    18
    18
     8
     0
   128
    29
     0
     8
    16
     0
    24
    59
    32
    25
     0
     0
     0
     0
     0
     0
     0
     0
     0
   314
     6
    14
    25
     0
   105
     6
    18
     0
     0
     7
     7
    19
     6
    17
     0
     0
     0
     9
    17
     0
     0
    24
     0
   155
   180
    11
    10
     6
    17
    16
    13
    91
    55
    17
     0
    26
    28
    23
    64
     0
     0
     0
     0
     7
     0
     0
     0
   153
   176
    19
     8
    10
    11
     8
     7
    87
   106
     0
    18
     0
    50
    39
    24
     0
     0
     0
     0
     0
     0
     0
     0
   343
    21
     0
     0
    21
   129
     8
    28
    16
     0
     0
    42
    38
    34
    15
    12
     0
     0
     0
     0
     0
     0
     0
     0
   304
    12
     0
    24
    16
    88
    10
     0
    14
    10
    26
    22
    18
    59
    50
     8
     0
     0
     0
     0
     0
     7
     0
     0
   310
     8
     0
     0
     0
   105
    17
    12
    14
     8
    18
     9
    24
    52
    36
     0
    12
     0
     0
     0
     0
     0
     8
     0
   399
     0
     9
    11
    26
   107
    23
     9
     0
     9
    14
     9
    28
    23
    16
     0
     0
     7
     7
     8
     0
     0
     0
     0
   256
     0
    17
     0
    16
    87
     0
     6
     6
     0
     9
    32
    18
     0
    40
     9
     8
     0
     8
     0
    10
     0
     0
     0
   154
   216
     8
     0
     7
    15
     8
    24
    73
   108
     7
     9
     9
    86
    32
    27
     0
     0
     6
     0
     0
     0
    10
     0
   206
   211
     0
    27
     0
     9
    32
     9
    67
   133
     0
    15
    26
    35
    69
     7
     0
     0
     0
     9
     0
     9
     0
     6
   317
    26
     0
    17
     8
   104
     0
     0
     8
     7
     0
    23
    23
    16
    15
     0
     8
     7
     0
     0
     0
     0
     0
     0
   368
    17
     9
     0
     0
    87
    11
     9
    14
     9
    10
    47
    33
    34
     9
     0
     7
     0
     8
     7
     0
     0
     0
     0
   372
    15
     9
    21
    15
   140
     0
     7
    20
     9
     7
    40
    39
    48
    25
     9
     0
     0
     0
     0
     0
     0
     0
     0
   355
    10
    19
    10
     0
    95
     7
     7
     9
     0
    19
    20
    59
    54
    24
     0
     0
     0
     0
     8
     0
     0
     9
     0
   286
     7
     7
     0
     7
    90
    39
     0
    18
     6
     0
    10
    21
     6
    32
    19
     0
     0
     6
     0
     0
     0
     0
     0
   164
   192
     0
     9
    18
     9
    18
     9
    62
   116
    27
    17
    17
    18
    66
    13
     0
    15
     0
     0
     7
     0
     0
     0
   218
   191
    17
     0
     6
    10
     0
     0
    42
   102
     0
     8
     0
    36
    39
    56
     0
     0
     0
     0
     0
     0
     0
     0
   324
    19
    11
     9
     8
    93
     0
     0
     0
     8
     0
     8
    33
    28
    17
     0
     0
     0
     0
     0
     6
     0
     6
     0
   368
     8
     0
    24
     0
    97
     0
    10
    10
    14
     0
    38
    16
    22
    95
     0
     0
     0
    10
     0
     0
     0
     0
     9
   383
     9
     6
     0
    30
    70
     0
     7
     7
     0
     0
    47
    33
    40
    71
     0
     0
     0
    10
     0
     0
     0
     0
    12
   351
    23
     9
     0
    24
    94
     0
    11
     0
    20
     0
    41
    44
    15
    58
     0
     0
     0
     8
     9
     0
     0
     7
     0
   345
    18
     8
     6
     0
   102
     7
     6
    23
    10
     0
    30
    29
    13
    80
     0
     0
     9
     0
     0
     0
     0
     6
     9
   207
   227
    26
     9
     6
     0
    10
     0
    64
    82
    15
    20
    28
    64
    36
    38
     0
     0
     0
     0
     0
     0
     0
     0
   174
   294
     0
     0
     0
    17
    24
     0
    87
   125
    12
     7
    10
    69
    35
    23
     0
     0
     0
     0
    23
     0
     0
     9
   373
     8
    18
    18
    15
    73
     0
     0
    18
     6
     0
    26
    17
    71
    22
     0
     0
     0
     0
     0
     0
     0
     0
     9
   258
    11
     0
     0
     8
   122
    18
    16
     0
    20
    20
    17
    21
    45
    54
     0
     0
     0
     0
     0
     8
     0
     7
     0
   317
     8
     0
    12
     0
    87
    17
     0
    17
    18
     0
    16
    19
    21
    42
     0
     0
     0
     0
     0
     0
    10
     0
     0
   323
    13
     9
    24
     7
   184
     6
    30
     8
     8
     8
    29
    41
    64
    38
     0
     0
     0
     0
     0
     9
     0
     0
     0
   345
     0
    18
    10
     0
    97
    17
    18
     0
    24
     0
    85
    62
    44
     8
     0
     0
     0
     0
     8
     0
    17
     0
    19
   132
   205
     0
     0
    11
    17
     8
    33
   114
    61
     0
     0
     0
    39
    31
    55
    12
     0
    10
     9
     0
     0
     0
     0
   157
   227
     8
     9
     0
    45
    14
     0
   106
    33
     8
    16
     0
    51
    43
    13
    18
     0
     0
     0
     0
     0
     0
     0
   311
     9
    10
    19
    10
   121
     0
    13
     0
     0
     9
    71
    49
    24
    15
     0
     0
     0
     0
     0
     0
     0
     0
     0
   303
     0
     9
     0
     8
    95
     0
     0
    11
     0
     0
    22
    69
     8
    17
     0
     0
     0
     7
     7
    11
     0
     0
     0
   371
     0
    18
     6
     8
   135
     0
    17
     9
     0
    13
    14
    50
    30
    42
     7
    11
     0
     0
     0
     0
     0
     0
     0
   270
    27
     8
    28
    20
   117
     0
     0
     0
    10
    22
    35
    66
    20
     8
     0
     0
     0
     0
     0
     0
     0
     0
     0
   322
     8
    27
    18
    17
    90
    12
    26
    16
    27
     0
    43
    61
    46
     9
     0
     0
     7
     0
     0
     7
     0
     6
     8
   158
   190
    16
     0
     6
     7
     0
     0
   141
    84
     9
     9
     8
    17
    42
    25
     0
     8
     0
     7
     0
    10
     0
     0
   223
   200
    34
     0
     6
     0
     9
    16
    43
    53
    17
    21
     0
    39
    28
    24
     0
     0
     6
     0
     0
     0
     0
     0
   304
    25
    15
     0
     6
    82
     8
     0
     9
    21
     0
    14
    33
    21
    52
     0
     0
     6
     0
     0
    12
    12
     0
     0
   307
     0
     0
     6
    17
    70
     7
     0
    11
     0
     0
    37
    37
    24
    16
     0
     8
     0
     7
     0
     0
     0
     0
     0
   334
    26
     8
    12
     0
   101
     0
    19
     0
     8
    32
    60
    26
    21
    65
     0
     0
     0
     7
     0
     0
    13
     0
     0
   292
     0
     0
     6
     7
   139
    11
     9
     0
     0
     0
    43
    49
    43
    24
     0
     0
     0
     9
     0
     0
     0
     0
     8
   284
    17
    29
     0
    19
   107
     0
    20
     8
     6
    22
    69
    25
    34
    22
     0
     0
     0
     0
    12
     0
     0
    10
    13
   189
   162
    20
     9
     9
    23
    10
     7
   142
   112
     6
     9
    36
    57
    29
    21
     0
     0
     0
     0
     0
     0
     0
     7
   168
   203
     9
    10
     9
     0
     0
     8
   120
    67
     8
    16
    19
    74
    32
    32
     0
     0
     0
     0
     0
     6
    10
     0
   343
    26
    15
     9
     0
   113
     0
     0
    10
     9
     0
    35
    44
    75
    17
    16
     0
     0
     0
     0
     0
     0
     0
    13
   290
     0
    14
     9
     0
   130
     8
     0
     7
     0
     0
    42
    21
    40
    51
     7
     9
     8
     0
     0
     0
     7
     0
     6
   293
     0
    12
     0
    25
   136
     0
     0
     0
     0
     8
    38
    27
    16
    35
     0
    10
     0
     0
     0
     0
     0
     0
    11
   337
    15
    22
     0
     9
    55
    20
     0
     0
    10
     8
    34
    33
    23
    16
     0
     0
     0
     0
     0
     0
     0
     0
    12
   312
    16
    17
    29
     0
   133
     9
     9
     9
     8
     8
    27
    35
    44
    39
     0
    10
     8
     0
     0
    17
     0
    15
     7
   173
   159
     0
    10
     6
     0
    17
     0
    81
    80
     8
     0
     6
    60
    40
    58
     0
     8
     0
    10
    16
     0
     0
     0
   207
   199
    16
    10
     7
     0
    35
     0
    99
    82
    17
     9
    15
    14
    22
    26
     0
     0
     0
     0
     0
     0
     0
     0
   289
    25
     9
     0
     0
   110
     6
     6
    35
     0
     0
    11
    40
    14
    22
     0
     0
     0
     0
     0
     0
     0
     0
     0
   364
     0
     0
    10
    19
    81
     9
     0
     6
    16
     8
    26
    21
    26
     8
     0
     0
     9
     0
     0
     0
     0
     0
     0
   317
     7
     0
    11
     8
   116
     0
     0
     9
    10
    10
    61
    36
    24
    36
     0
     0
     0
     0
     0
     0
     0
     0
     0
   331
     0
     0
     7
    10
    81
     0
     0
     6
    17
     8
    23
    29
    28
    29
    15
     0
     9
     0
     7
     0
     0
     7
     7
   308
     9
     7
    18
     0
   108
     0
     0
     0
     8
    16
    23
    16
    43
    32
    10
     0
    10
     0
     7
     0
     0
    10
    23
   140
   128
     9
     9
    17
    12
     0
     0
    45
    55
     0
     9
    16
    13
    26
    17
     7
     0
     0
    15
     0
     8
     0
     0
   199
   177
    30
     0
     8
     0
     0
     9
   138
    95
    28
     6
     9
    42
    31
    30
     0
     0
     7
     0
     8
     6
     0
     0
   304
     9
    26
     9
    18
   102
     8
     0
     0
    11
    10
    18
    23
    36
    41
     0
     8
     0
     0
     0
     7
     0
     0
     6
   268
     8
     0
     0
     7
    95
    18
     6
     7
     9
     0
    34
    39
    52
    23
     0
     0
     0
     0
     6
     0
     7
     9
     0
   270
     0
    22
    12
    10
    89
     7
     9
     0
     0
    10
    52
    40
    35
    11
     0
     0
     0
     0
     0
     0
     0
     0
     0
   274
     6
     0
     8
    18
   114
     7
     8
     0
     0
    34
     0
    24
     9
    38
     0
     0
     0
     0
     0
     0
     0
     0
     6
   208
    14
     0
     0
     8
    68
     8
     7
     9
     7
     0
    31
    27
    26
     7
    10
     0
     0
     0
     0
     0
    10
     0
     0
   183
   212
    28
     0
    13
     0
     6
     0
    58
    56
    13
     0
     8
    43
    74
    27
     0
     7
     0
     0
     0
     9
    10
    11
   199
   214
    26
    26
     9
     7
     0
    18
    70
    76
     0
    10
     0
    16
    38
    29
     0
     0
     0
     0
     0
     0
     0
     0
   363
    10
     7
    32
     6
    73
     0
     0
     0
     6
     0
     6
    72
    33
    43
     8
     0
     0
     0
     0
     0
     0
     0
     7
   328
     8
     7
     0
     0
   140
    10
     0
     6
     0
    15
    14
    30
    39
    13
     0
     0
     0
     0
     0
     0
     0
     0
     0
   274
    13
     0
     0
     0
    73
     0
     0
    19
     0
     0
    53
    27
     6
    47
     0
     0
     0
     0
     0
     0
     0
     0
     0
   316
     0
    16
     0
    17
    66
    10
     0
     0
     9
    20
    23
    56
    52
    34
     0
     9
     0
     0
     0
     0
     0
     0
     7
   432
     0
     0
     6
     9
   105
     0
    20
     0
    17
     8
    15
    47
    39
    48
    10
     9
     0
     0
     0
     0
     7
     7
     0
   216
   184
    27
    20
     0
    19
     7
     0
    80
    86
    11
     8
     0
    50
    52
    10
     0
     8
     0
     0
     0
     0
    10
     0
   207
   144
    40
     0
     0
    19
     6
     8
   129
    98
     0
     0
    23
    12
    28
     7
     0
     8
     0
     0
     8
    11
     0
     0
   406
     7
     9
     8
     0
    75
    11
     8
     0
    16
     8
    32
    27
    27
    14
     0
     0
     0
     0
     0
     0
     0
     0
    11
   323
     0
    27
     8
     0
   173
     8
     0
     9
     8
     8
    24
    29
    35
    30
     0
     0
     0
     0
     0
     0
     0
    10
     0
   269
    27
    12
    14
     9
    86
    27
     0
    10
     8
     7
    22
    44
    28
    14
     0
    14
     0
     0
     0
     0
     0
     0
     0
   242
     8
     0
     6
     6
    91
     0
     9
     0
     0
     0
    33
    17
    67
    52
     6
     0
     0
    11
     0
     0
     0
     7
     0
   374
     0
    10
    26
     6
    78
     0
     0
     7
     9
     0
    32
    66
    46
    73
     8
    10
     0
     0
     0
     8
     0
     0
     0
   157
   130
     0
    16
     9
     0
     6
    11
   110
   114
     0
     8
     0
    15
    22
    42
     0
     0
     8
     0
     0
     0
     8
    19
   203
   183
    10
    14
    22
    10
    10
    16
   114
    85
    17
    12
    17
    36
    23
     9
     0
     0
     0
     0
     0
    10
     7
     0
   324
    13
     0
    10
     6
   113
     7
     0
     0
     0
    18
    24
    25
    36
    37
     0
     0
     0
     0
     0
     0
     0
     0
     0
   267
     0
    20
     9
     0
   125
     0
     8
    17
     6
     0
    38
    40
    31
    59
     6
     0
     8
     0
     0
     8
     0
     0
     0
   366
    23
     0
    10
     0
   135
     0
     7
     0
     0
     0
    45
    14
    41
    29
     0
     0
     0
     0
     0
     0
     0
     0
     0
   331
     0
    11
    17
     0
    95
     9
    26
     0
    12
     0
     0
    43
     8
     0
     0
    10
     0
     0
     0
     0
     6
     0
     0
   315
    13
     0
    12
     0
    79
     0
    11
     9
    12
     9
    49
    33
    25
    38
     0
     0
     0
     0
     9
     7
     0
     0
     0
   174
   230
     8
     6
     6
    10
     7
     9
    57
    55
     9
    10
     0
    33
    55
    54
     0
    35
     8
     9
     0
     0
     9
    16
   140
   116
    11
    15
     6
    16
     6
     9
   103
    79
    24
     9
    18
    52
    58
    31
     8
     0
     0
     0
     0
     0
     0
     8
   222
     0
    10
     0
     0
    89
     8
     8
     0
     0
     0
    41
    48
    29
    23
     0
     0
     0
     0
     0
     0
     8
     0
     0
   315
     7
     0
    19
     0
    87
     9
     8
     7
     0
    14
    16
    19
    36
     7
     0
     0
     0
     0
     8
     0
     0
     0
     0
   357
     8
     8
     7
    10
    68
     0
    26
     6
     0
     0
     9
    53
    50
    24
     0
     0
     0
     9
     0
     0
     0
     8
     0
   341
     0
     0
     7
    15
   108
     0
     8
     0
     7
     7
    40
    36
    16
    26
     0
     0
     7
     0
     0
     0
     0
     0
     0
   255
     7
     9
     9
     0
    74
    18
     7
     0
    16
     0
     0
    20
    16
    17
     0
     0
     0
     0
     0
     8
     0
     0
     7
   225
   283
    23
     0
     0
     0
    10
     0
    86
    55
     9
     7
    10
    41
    16
    42
     7
     0
     0
     8
     9
     0
     0
     0
   168
   133
    18
     7
     0
     0
    21
     0
    79
    29
     0
     0
     0
    24
    42
    20
     0
     9
     0
     0
     0
     0
     0
     0
   368
    10
     0
    30
     0
    77
     8
     8
     0
     0
     0
    26
    35
    30
    23
     0
     0
     0
     0
     0
     0
     0
     0
     0
   353
     8
     9
    25
     6
   124
     0
     0
     0
     0
     9
    63
     6
    25
    23
     0
     0
     0
     0
     0
     0
     0
     0
     0
   329
     0
     0
     9
    19
   100
     0
     9
     0
     7
     0
    35
    49
    27
    55
     0
     0
     0
     7
     0
     0
     0
     0
     0
   224
    28
     6
     0
    26
    70
     0
    16
     8
     9
     0
    28
     8
    35
    38
     0
     0
     8
     9
     0
     0
     0
     0
     0
   255
     0
     8
    20
     7
    70
     8
     0
     9
     8
     8
    21
    16
    18
    28
     0
     0
     0
    10
    18
     0
     0
     0
     0
   258
   203
     8
     9
     0
     0
    13
     8
    39
   110
    15
    15
     0
    22
    24
    80
    10
     0
     0
    20
     0
     6
     9
     0
   204
   242
     9
     0
     7
    14
    17
     0
    93
    63
    20
    11
     8
    23
    63
    49
     0
     0
     7
     0
     0
     0
     0
     0
   359
     0
     9
     0
     0
   119
     0
     9
     0
     0
     0
    15
    11
    65
    25
     0
     0
     7
     0
    10
     8
     7
     0
    17
   409
     0
     6
    16
    10
    73
    19
    17
    14
     0
     0
    40
    27
    18
    31
     0
     9
     0
     0
     7
     0
     0
     0
     0
   308
     7
     0
    19
    10
    96
     9
     0
    16
     0
    16
    62
    18
     8
     8
     8
     0
    11
     0
     0
     0
     0
    22
     0
   201
     7
     6
     0
     7
   126
    17
     6
     0
     0
     9
    20
    13
    43
    25
     0
     0
     0
     0
     0
     0
     0
     0
     0
   280
     0
    29
    27
    10
    56
     0
    16
     0
    15
     9
    48
    57
    15
    35
     0
     0
     0
     9
    11
     9
     0
     0
    10
    88
   185
    12
    16
    13
     0
    16
    10
    79
   116
     0
     0
     0
    62
    54
    43
    10
     0
     0
     0
     0
     9
     0
     0
   154
   178
    15
    16
     0
    11
     0
    10
    83
    87
     0
     0
     9
    15
    14
    60
     0
     7
     0
     0
     0
     9
     0
     0
   328
    10
     0
    26
     7
    77
     0
    23
     9
    10
     0
    31
    17
     6
    48
     0
     0
     7
     0
     0
     0
     0
     0
     0
   322
    15
     0
     0
     0
    74
     0
    16
    10
    17
     0
    24
    16
    38
     8
     0
     0
     0
     0
     0
     0
     0
     0
     0
   248
    18
    24
     0
    16
    98
    18
     6
     8
     0
     7
    18
    28
    49
    58
     0
     0
     0
     0
     0
     0
     0
     0
     0
   187
    14
     7
     8
     6
    58
    10
    34
    15
     0
     0
    36
    39
    23
    39
     0
     0
     0
     0
     0
     0
     0
     9
     0
   292
     0
     0
    20
     0
    64
     8
     0
     0
     0
     8
    10
    12
    43
    30
     0
     7
     9
     9
     0
     0
     0
     0
     6
   186
   154
     8
     0
     0
     0
    27
     0
    80
   120
     0
     7
    14
    19
    80
    31
     0
     0
     8
     0
     0
    10
     8
     9
   228
   234
     0
    16
     0
     0
    10
    26
   121
    81
     0
     8
    10
     7
    56
    23
     0
     0
     0
     0
     0
     0
     0
     0
   275
    16
     0
     8
     9
    68
     0
     9
     0
    13
     0
    19
    31
     0
    46
     0
     0
     0
     0
     0
    10
    10
     0
     0
   317
    21
    20
    15
    10
   104
    17
     8
     0
    11
     0
    29
     8
    37
    45
     0
     6
     0
     0
     0
     0
     0
     0
     0
   319
     9
     8
     8
     0
   114
     0
     0
     0
    14
     8
    26
    25
    32
    28
     0
     0
     9
     0
     0
     0
     0
     0
     9
   286
     0
     0
     0
    10
    59
     0
    12
     8
     0
     0
    39
    18
    32
    65
     0
     0
     8
    10
     0
     0
     0
     0
     0
   300
    19
     0
     6
     0
    94
    19
    20
     0
     0
    10
     8
     0
    18
    23
     0
     8
     0
     0
     0
     0
    16
     0
     7
   183
   161
     9
     8
     0
     0
     0
     0
    72
    72
     6
     6
    11
    28
    18
    46
     6
    15
     0
     0
     0
     7
     0
     0
   179
   247
     0
     7
    11
    10
    10
     7
    56
   113
     0
     0
     9
    24
    25
    36
     0
     0
     0
     0
     7
     0
     0
     0
   340
     8
    21
     9
     0
    47
     8
     0
     0
     0
     0
    45
    24
    43
     6
     0
     0
     0
     9
     0
     0
     0
     0
     0
   278
     0
     0
    17
     9
    66
     9
     8
     9
    22
    27
    24
    35
    32
     7
     0
     0
     0
     0
     0
     0
     0
     0
     0
   249
    11
    11
     0
    20
   113
     0
     0
     0
     0
     0
    14
    22
    33
    56
     0
     0
     0
     0
     0
     0
     0
     0
     0
   433
    28
     0
     6
    19
    98
    17
     0
     0
     0
     0
    33
    27
    39
    45
     9
     0
     0
    12
     0
     0
     0
     0
     0
   282
    17
     8
     0
     0
   112
     0
     7
     9
    11
    12
    26
    51
    22
    10
     0
     0
     0
    18
     0
     0
     9
     0
     6
   212
   211
     8
    18
    24
    11
    10
     0
   107
    58
    11
     8
     7
    36
    37
    60
     0
     6
     0
     6
     7
     6
     0
    11
   176
   147
     0
    11
     0
    16
     0
    16
    78
    33
    20
     0
    10
    27
    26
    33
     6
     0
     0
     0
     0
    10
     0
     0
   321
    10
    16
    18
    10
    52
     8
     0
    16
     0
    22
    18
    31
    27
    26
     0
     0
    10
     0
     0
     0
     0
     0
     0
   249
     9
     0
     7
     6
    70
     0
     0
     0
     6
    19
    44
    34
    29
    13
     8
     0
     0
     8
     0
     0
     0
     0
     0
   207
     0
     7
     0
     6
    73
    25
     9
     0
     0
     0
    43
    28
    42
    36
     0
     0
     0
     0
     0
     0
     0
     6
     0
   337
     0
     9
     9
     7
    83
     0
     0
    19
    15
     6
    24
    29
    41
     9
     8
    10
     0
     0
     0
    11
     0
    12
     7
   212
     9
    10
     0
     7
   119
     7
     0
     0
     8
    19
    40
    34
    54
    49
     0
    16
     0
     0
     0
     0
     6
    10
     6
   232
   161
     9
    16
     0
     6
     6
    30
   132
    55
     8
    18
     0
    15
    28
    17
    18
     0
     0
     0
     0
     0
     0
     9
   118
   132
    26
     0
     0
    17
     0
     0
    55
    94
     9
     0
     0
    14
    52
    32
    12
     0
     0
     0
     0
     0
     0
     0
   291
     6
     0
     0
    19
    75
     0
     0
     0
    17
    15
    44
     9
    23
    14
     0
     0
     8
     0
     0
     0
     0
     0
     0
   314
    18
    23
    25
    24
    76
     0
     9
     9
     8
     9
    66
    54
    19
     8
     0
     0
     0
     0
     0
     0
     0
     0
     8
   458
     0
    16
     0
     8
    86
     8
     0
     0
     0
     6
    32
    28
    15
    21
     0
     0
     0
     0
     0
     0
     0
     0
     0
   233
    20
     0
     0
    20
   154
     6
     0
     0
    28
    24
    20
    28
    25
    20
     0
     0
     0
     0
     0
     0
     0
     0
    10
   256
     7
    18
     9
    19
    71
    11
     0
     8
    25
    10
    35
    26
    15
    31
     0
     0
     0
     9
     0
     9
     0
     0
     0
   160
   223
    15
     7
    13
    10
     0
     0
    74
   142
     7
     9
    13
    15
    46
     6
    11
     7
     0
     8
     0
     0
     9
     0
   144
   175
     0
    17
     0
     0
     0
    19
    98
    85
     8
    27
     7
    34
    49
    48
     0
     0
     0
     0
     0
     9
     0
     0
   314
    36
    27
    23
     6
   136
     0
     0
     6
     9
    17
    15
     0
     7
    20
     0
     0
     0
     0
    28
     0
     0
     0
     0
   424
     6
    44
    13
     8
    81
    10
     6
     8
     9
     0
    64
     7
    17
    42
     0
     0
     0
     0
     0
     0
     0
     0
     0
   316
    27
     9
     8
     0
    76
     0
     0
     0
     9
    11
    17
    17
    33
    38
     0
     0
     0
     6
     0
     9
     6
     8
     0
   306
     0
     0
     0
     0
    83
     9
    16
    12
     9
     8
    28
    34
    22
     0
     0
    11
     0
     0
     0
     0
     0
     0
     0
   279
    17
     0
     0
     8
    99
    10
     7
     0
    19
     0
    17
    44
    21
    61
     0
     0
     8
     0
    10
     0
     0
     8
     6
   235
   184
    16
     9
     0
    16
     0
    25
    86
    79
     0
     0
     8
    31
    56
    19
     0
     0
     0
     0
     0
    10
     9
    12
   196
   184
    11
    13
    27
     0
    10
    16
    86
    92
     0
    24
    19
    51
    87
    35
    16
     0
    10
     0
     0
     0
     0
     0
   245
    21
     0
    18
    16
   151
     7
     0
     7
    13
    19
    28
    19
    15
     0
     0
     0
     0
     0
     0
     0
     0
     0
    11
   349
    28
     0
    10
     6
    74
    25
    17
     0
     0
     0
    48
    36
     0
    35
     0
     0
     7
     0
    12
     0
     0
     0
     0
   308
    12
    10
     0
     0
    91
     8
     0
    18
     7
     9
    27
    49
    41
    36
     0
    11
     6
     0
    10
     0
     0
     0
     0
   330
     0
    17
    11
    35
   126
     0
     0
     0
     0
     8
    32
    38
    43
    24
     0
     0
     0
     0
     9
     9
     0
     8
     6
   343
     0
     0
     6
    25
   122
     0
     7
     0
     0
     0
    15
    16
    18
    52
     0
     0
     0
     0
     0
     9
     8
    11
     0
   181
   131
     0
     7
    23
    19
     8
     0
    99
   113
     9
    30
     7
    30
    48
    45
     0
     0
     0
    10
    11
     0
     6
     0
   226
   190
     8
     0
     7
     9
     6
    11
    97
    61
    35
    11
     0
    34
    44
    18
     0
     0
     0
     0
     6
     0
     0
     0
   298
     7
    10
     0
     0
    79
    26
     7
    15
    10
     6
     9
    43
    39
    30
     0
     0
     0
    21
     0
    10
     0
     9
     0
   264
     8
    16
     0
     8
   108
     0
    11
     0
    14
     0
     9
     9
    21
    55
    10
     6
     0
     0
     7
     0
     0
     0
     0
   233
     0
     6
     0
    27
   118
     8
    12
     0
     0
    14
    43
    14
    22
     8
     0
     0
     0
     0
     7
     0
     0
     0
     0
   323
     0
    27
     0
     0
   141
    12
    16
     0
     0
     8
    48
    10
    27
    24
     0
     0
     0
     0
     0
     6
     7
     0
     0
   270
     0
     0
     8
     7
   125
    15
     8
     0
     0
     0
    60
    30
    19
     9
     0
    11
    10
     0
    18
     0
    10
     0
    24
   136
   150
    16
    23
     6
     8
     0
     8
    96
    63
     0
    17
    16
    18
    37
    10
     0
     0
     9
     8
     0
     0
     0
     0
   160
   116
     0
    16
     8
     9
     0
    12
   102
    42
     0
     7
    16
    20
    43
    14
     0
     0
     0
     0
     0
     0
     0
     0
   393
    17
     0
     6
    18
    91
     6
     0
     8
     8
     0
    18
    42
    10
    37
     0
     0
     0
     0
     0
     0
     0
     0
     0
   295
    31
     0
    15
     0
   124
     0
     0
     0
    10
    17
    57
    37
    15
    18
     0
     0
     0
     0
    13
     0
     0
    12
     0
   272
     0
     6
    10
     0
    73
     9
     0
    11
    17
     0
    49
    14
    36
    23
     0
     0
     0
     0
     8
     9
     0
     0
     9
   307
     9
     7
    21
     0
    73
    10
     8
     0
    25
    14
    33
    33
    53
    24
     0
     0
     0
     0
     9
     0
     0
     0
     0
   321
     7
    12
     0
    16
   138
     0
    10
     0
     7
     0
     9
    22
    23
    60
     0
     9
     0
    11
     0
     9
     9
     0
     7
   149
   264
     7
     7
    16
     0
    19
     6
    64
    75
     0
     0
    11
    37
    24
    17
     0
     0
     0
    10
     0
     9
     8
     0
   226
   155
    20
     9
    15
    15
     0
     8
    78
    70
    27
    21
     0
    29
    51
    16
     0
     0
     0
     0
     0
     0
     0
     0
   360
    16
    16
     9
     0
    95
    10
     0
     6
     7
     0
    38
    25
    44
    50
     0
     0
     7
     0
     0
     0
     0
     0
    10
   228
     0
     0
     6
     0
   138
    12
     7
     8
    17
     6
    85
    55
    91
    58
     0
     0
     8
     0
     0
     0
     0
     0
     7
   285
     7
     0
     0
     9
    94
     0
    17
     0
    15
     8
    46
    20
    14
    55
     0
     0
     0
    12
     0
     0
     0
     7
     0
   306
     0
     8
    17
     7
   104
     0
     7
    19
     0
     6
     8
    55
    43
    27
     0
     0
     0
     0
     0
     0
     0
     0
     0
   245
     0
     0
     7
    17
   140
    15
     0
     8
    17
    14
    48
     8
    42
    18
     0
     8
     0
     0
     9
     0
    16
     0
    17
   188
   203
     8
    10
     0
     0
     8
    12
   110
   129
     0
     7
     6
    46
    66
    34
     0
     0
     0
     0
     9
     0
     0
     0
   113
   178
     0
    17
    11
    11
     0
     0
   122
    83
    10
     0
    16
    63
    52
    36
     6
     0
     0
     0
     0
     0
     0
     0
   288
     8
     8
     0
    16
    90
    10
     0
    10
     0
     0
    18
    16
    27
    47
     0
     0
     0
     0
     0
    11
     0
     0
     0
   385
    16
     8
     0
    10
   104
     8
     9
    10
    13
     7
    18
    36
    34
    47
     0
     0
     7
     0
     0
     7
    12
     0
     0
   311
     0
     0
    10
     0
    78
    10
    23
     6
     0
     0
    84
    29
    41
    26
     8
     0
     0
     0
     0
     7
    12
     0
     0
   319
     0
     6
    24
     0
    96
     0
    10
     0
     7
     9
    58
    14
    42
    64
     0
     6
     0
     0
     0
     0
     0
     0
     0
   307
     7
     0
     9
     0
   105
     0
     0
    28
     8
     0
    29
     0
    38
    35
    10
    11
     0
     0
     0
     0
     0
     0
     8
   171
   113
     0
     0
    26
     6
     0
     0
   114
   111
    17
    12
     7
    69
    60
     9
     8
     0
     0
     0
     8
     0
    19
    10
   200
   165
    22
    18
     8
     0
    17
     6
   124
    55
     0
     9
    17
     9
    21
    16
     0
     0
     8
     0
     0
     0
     0
     0
   299
     0
     0
    21
     0
   107
    17
    15
     0
     0
     0
    11
    24
    32
    32
     0
     0
     0
    10
     0
     0
     9
     0
     0
   355
    21
    14
     0
    15
    48
     8
     0
    11
     7
     9
    15
    36
    42
    17
     0
     0
     0
     0
     0
     0
     0
     6
     0
   313
     8
    21
    14
     0
    90
     0
    16
     0
    18
    13
    27
    60
    24
    33
     0
     0
     0
     0
     0
     0
     0
     0
     0
   280
    19
     8
     9
    19
    67
     8
     7
     0
     0
     8
    11
    14
    52
    18
     0
     0
     0
     0
     0
     0
     6
     0
     0
   358
     0
    27
     0
     0
   111
     7
    18
     0
     8
    13
    27
    74
    25
     0
     6
     0
     0
    17
     0
     0
     0
     0
    11
   212
   129
     8
    10
    17
     0
     0
     6
   164
    59
    20
     9
    13
     8
    55
    22
     0
     7
     6
     8
     0
     6
     0
    16
   186
   161
    24
     9
    14
    13
     9
     6
    70
    92
     0
     0
    13
    41
    27
    35
     0
     0
     0
     0
     0
    17
     0
     0
   401
     6
     8
     0
     0
   130
     7
    28
    18
     7
     6
    47
    35
    17
    40
     0
     0
     0
     0
     0
     0
     0
     0
     9
   310
     0
    10
     8
    35
   138
     0
     8
     0
     8
    11
    51
    16
    46
    21
     7
     0
     7
     0
     0
     0
     0
     0
     0
   274
    18
    17
    19
    11
    54
    12
    12
     6
     0
     6
    59
    29
    51
    29
    11
     0
     0
     0
     8
     0
     6
     0
     0
   335
     0
    25
     6
     0
   117
     0
     0
    21
     0
    17
    75
    41
    14
    41
     0
     0
     0
    16
     9
     0
     0
     0
     0
   345
     0
     0
     9
     0
    70
     0
    10
     0
     0
     0
    32
    21
    45
    25
     0
     0
     9
     8
     0
     0
     0
     0
     0
   183
   144
    10
    19
     0
     6
     7
     0
   125
   101
     0
    27
    10
    29
    23
    26
     8
     9
     0
     9
     9
     8
     8
     6
   156
   202
     9
    13
    14
     8
    10
     0
    95
    85
     8
     9
    10
    45
    27
    45
     0
     0
     0
     0
     0
     8
     0
     0
   229
     0
     8
     0
    19
   112
     0
    21
     0
     0
     0
    25
    33
    29
     0
     9
     0
     0
     0
     0
     0
     0
     0
     0
   295
     7
     0
     0
    15
   103
    12
     0
     9
     0
     9
    41
    93
    18
    46
     0
    10
     0
     0
     0
     0
     0
     0
     0
   378
     7
     0
     9
    10
    49
     0
     0
     9
     0
    19
    29
    35
    18
    19
     0
     0
     0
     7
     0
     0
     0
     0
     0
   395
     0
     0
    11
     0
    76
    14
     0
     0
     0
     9
    39
    34
    32
    70
     0
    10
     7
     0
     0
     0
     0
     0
     7
   259
    16
     8
     0
    15
    89
     0
     0
     0
    17
     0
    18
    58
    29
     8
     6
     0
     0
     0
     7
     0
     0
     0
    15
   231
   201
    23
     8
     9
    10
    25
     6
   119
   119
    24
    11
     7
     6
    37
    34
     0
    17
    10
     7
     0
     0
     7
     6
   212
   160
     0
     8
    23
    10
     0
     0
   130
   140
    16
    12
     0
    46
    66
    23
     0
     0
    10
     7
     0
     8
     0
     0
   259
    35
     0
     7
     8
   122
     8
     6
     0
    17
     0
    73
    58
    29
    26
     8
     0
     0
     0
     0
     9
     0
     0
     0
   319
    12
     9
     6
     0
    97
     6
     0
    14
     0
    12
    25
    29
    66
    24
     0
     9
     0
     0
     0
     0
     0
     0
     0
   397
     6
     6
     0
     0
   145
     8
     0
     9
    21
     0
    41
     0
    27
    13
     0
     0
     0
     8
     0
     0
     0
     6
     0
   289
    20
     0
    11
    14
    87
    17
     0
    24
    17
    11
    11
    19
    31
    15
     0
     0
     0
     0
     0
     0
     0
     0
     0
   410
     0
     0
     7
     6
   126
     0
    15
     9
    10
     0
    64
    58
    24
    17
     0
     6
     0
     9
     0
     0
     0
    10
     0
   149
   154
     0
     6
    14
    21
     0
     6
   119
   137
     8
     8
     0
    56
    22
    49
     0
     0
     8
     0
    10
    15
     0
     0
   179
   203
     6
     0
     0
    18
     0
     9
   132
   119
    14
     7
    11
    49
    35
    44
     0
     0
     0
     0
     9
     0
    10
     0
   325
     0
    14
     0
     7
    83
     9
    16
     9
    33
    18
    25
    42
    19
    61
     0
     9
     0
     0
     0
     0
     0
     0
     0
   356
     9
    19
     0
     0
   138
     0
    17
    21
    21
     0
    38
    28
    30
    51
     0
     0
     0
    10
     0
     0
     7
     0
     0
   381
     8
     8
     0
     7
   100
     8
     7
    28
     8
    14
    48
    34
    24
    33
     0
     0
     0
     0
    10
     0
     0
     0
     0
   303
     0
     7
     8
     7
    90
     0
    19
    15
     7
     0
    26
    54
    27
    24
     0
     0
     0
     0
     0
     7
     0
     0
     0
   265
     0
    17
     0
    28
    97
    10
     0
    15
    10
     0
    31
    22
    46
     6
     0
     8
    18
     0
     0
     0
     0
     0
     0
   174
   112
    15
    15
     0
     0
     7
     0
   112
    80
     0
    14
    12
    38
    27
    25
     6
     7
     0
     0
     0
     0
     0
     0
   199
   229
     0
     0
    12
     0
    24
    31
    73
   122
    17
    17
     0
    18
     8
    70
     0
     0
     0
     0
     0
     0
     0
     0
   238
     0
     0
     0
    14
    83
     8
    17
    16
    11
     0
    61
    10
    16
    53
    12
     0
     0
     0
     7
     0
     0
     0
    11
   397
     0
    11
    21
    17
   119
     0
     0
    23
    45
     0
    32
    23
    33
    13
     0
     0
     0
     0
     0
     0
     0
     0
     0
   310
     7
    25
    26
    19
   153
     0
    21
     9
    37
     9
    47
    42
    41
    30
     0
     0
     0
     0
    12
     0
     9
     0
     9
   339
     0
    14
    16
    19
   128
     8
     8
    19
    12
    18
    55
    20
    56
    41
     0
     0
     0
     0
     0
     0
     0
     0
     0
   301
     0
    10
     0
    14
    41
     0
     6
    19
     0
     7
    41
    36
    43
    59
     0
     0
     0
     0
     8
     0
     0
    16
     0
   239
   201
     8
     6
     9
     0
    15
     7
    68
   164
    18
    29
    21
    25
    36
    38
     0
     6
     0
     8
     0
     0
     0
     0
   105
   169
     8
     0
    19
     0
    14
    25
   106
   114
    18
    15
    16
    11
    40
    55
     0
     8
     0
     0
     0
     0
     0
     0
   372
    18
    16
     9
     0
   139
    19
    11
     8
     9
     0
    14
    24
    21
    84
     0
     0
    11
     0
     0
     0
     6
     0
     0
   358
     9
    11
     0
    39
    87
    20
     0
     0
     0
    28
    24
    35
    14
    34
     0
     0
     0
     0
     0
     0
     0
     0
     8
   369
     7
     0
    10
     0
   105
     7
    18
    15
     0
     0
    28
     9
    36
    17
     0
     0
     0
     0
     0
     0
     0
     0
     0
   327
     0
     9
    13
     8
    83
    26
     0
     0
    10
     0
    44
    42
    35
    51
     0
     8
     0
     0
     0
     0
     0
    11
     7
   381
     9
     9
     9
     8
   104
     0
     0
     7
     9
    17
    47
    12
    51
    40
     0
     0
    18
     0
    16
     0
     7
    10
     9
   232
   203
    15
     0
    10
    15
    13
     0
   173
    82
    15
     8
     7
    27
    27
    51
     0
     0
     0
     0
     0
     0
    11
     7
   199
    95
     0
    10
    19
     7
     0
     9
   105
   134
     0
    18
     0
    58
    34
    31
     0
     0
     0
     0
     8
     0
     0
     0
   384
    35
    27
     9
     9
   111
    17
     0
     7
     0
    12
    50
    23
    44
    65
     0
     7
     0
     0
     0
     0
     0
     0
     0
   356
    13
    17
     0
    15
   120
     0
    19
     0
     9
    40
    32
    27
    24
    29
    20
     0
     8
     8
     0
    15
     0
     0
     0
   300
    27
    24
     9
     7
   106
    15
     0
     6
    40
    24
    27
    15
    38
    37
     0
     0
     0
    15
     0
     0
     0
     0
    10
   353
     6
    13
     7
    10
   129
    12
    14
     7
    26
     9
    60
    28
     6
    39
     0
     0
     0
     0
     0
     0
     0
     0
     0
   291
     0
    15
     8
     9
    90
     0
    11
    17
     0
    11
    49
    32
    54
    41
     8
     0
    16
    18
     0
     0
    18
     0
     0
   266
   154
    25
    16
     8
    18
     0
    15
    99
    72
    10
     6
     8
    26
    53
    41
     7
     9
    17
     0
     0
     0
    19
     0
   164
   164
    12
    18
    20
     0
     0
    14
   144
    41
    12
    20
     0
    35
    83
    32
     9
     0
     0
     0
     8
     0
     0
     0
   490
     0
    16
     0
    10
    99
     6
    25
     0
     6
    18
    45
    31
    26
    26
     0
     0
    17
     0
    10
     8
     0
     0
     7
   318
    30
    25
    17
     0
   128
     0
    28
     0
     8
     8
     8
    48
    38
     8
     0
     0
     0
     0
     0
     0
     0
     0
     0
   338
     7
     0
    15
    15
   156
     0
     9
    25
     8
    13
    25
     6
    41
    19
     0
     0
    10
    10
     0
     0
     0
     0
     0
   339
    11
     0
     0
    23
   107
    10
    10
    10
     0
     8
    22
    43
    47
    44
     0
     0
     0
     0
     0
     0
    20
     0
     0
   350
    11
    10
    15
    14
   142
     0
     9
     0
     0
     9
    42
    54
    34
    31
     0
     0
     0
    16
     0
     0
     0
     9
     0
   226
   245
    12
    25
     0
    10
     9
     7
   107
   144
    12
     0
     7
    64
    37
    44
    17
     0
    11
    12
    10
     0
     0
     0
   240
   210
    20
     0
    29
     8
    12
     0
    73
    78
    19
    17
     0
    33
    25
    66
     0
     0
     0
     0
     0
     0
     0
     0
   426
    19
     8
     0
    10
   147
     0
     0
    30
     0
     8
    15
    64
    21
    47
     0
     0
     0
     0
     0
     0
     0
     0
     0
   316
     9
    10
     0
    16
   116
     8
    21
     9
     6
    16
    39
    46
    41
    33
     6
     0
     6
     6
     0
     0
     0
     0
     0
   347
     0
    21
    10
     8
   182
     8
     9
    10
     0
     9
    54
    48
    42
    41
     0
     0
    11
     0
    15
     0
     0
     0
     9
   333
    27
    11
     0
    18
    95
    10
    27
     0
     8
     0
    40
    28
    32
    16
     0
     0
     0
     0
     0
     0
     0
    12
     0
   302
    25
     0
    18
     8
    87
     6
     0
     9
     0
     8
    53
    15
    46
    48
    10
     0
     0
     0
     0
    10
     0
     0
     0
   173
   174
     0
     9
    26
     0
     7
    52
    76
    71
    16
    18
     0
    36
    58
    30
     0
     0
     0
     0
     0
     0
     0
     0
   244
   183
     0
     9
     0
    19
     0
     9
    96
    98
     0
    19
     7
    27
    44
    43
     0
     0
     7
     0
     7
     0
     0
     0
   408
     7
     9
    25
    11
   111
     0
     0
     0
     0
     0
    18
    12
    50
    25
     7
     0
     0
     0
     0
     0
     0
     0
     9
   267
    19
     0
     0
     8
   105
    15
     0
     0
    11
     6
    81
    34
    10
    40
     0
     0
     0
     0
     0
     0
     0
     0
     0
   398
     0
     8
    11
     0
   119
    15
     7
    25
    28
     0
    15
    17
    42
    20
    10
     0
     0
     0
     0
     7
     0
     0
     9
   469
     0
    12
    10
    16
   147
     0
     7
     0
     6
     0
    24
    31
    21
    39
     0
     0
     0
     0
     0
     0
     8
     0
     6
   336
     0
     0
     7
     0
    67
    29
     0
    27
     0
     0
    18
    23
    48
    26
     0
     0
     0
     0
     0
     0
    10
     0
     0
   239
   307
    18
    18
     0
    12
     9
     0
    89
    89
     9
     6
    17
    30
    30
    50
     0
     0
    10
     0
     0
    10
     0
     0
   159
   215
    22
     9
     8
     0
     0
    19
    95
   114
     0
    15
    16
    40
    21
    31
     0
     0
     0
     0
     0
     0
     0
     0
   430
     0
     6
    15
    32
    83
    25
    10
    19
     7
     0
    43
    45
    23
    13
     0
     0
