     0
     0
     0
     0
     0
     0
     0
   223
     8
     0
     7
     0
    96
     0
     0
    10
     0
     0
    20
    24
     0
    25
     0
     0
     0
     0
     0
     0
     0
     0
     0
   200
    12
     0
    11
    23
    55
     6
     7
     0
     9
     0
    38
    13
     9
    21
     0
     0
     0
     0
     0
     0
     0
     0
     0
   190
    19
    15
    24
    10
    52
     8
     8
    11
     0
     0
     9
    20
     9
    42
     0
     0
     0
     0
     0
     0
     0
     0
     8
   262
     0
     6
     9
     0
    70
    10
     7
     0
     8
     7
    15
    14
     9
    20
    11
     9
     0
     0
     0
     0
     0
     0
     0
   276
     0
    16
    17
     0
    59
     0
     0
     8
     7
     0
    24
     8
    33
     0
     0
     0
     0
     0
     0
     0
     0
     0
     0
    91
   158
     8
    23
     0
     0
     0
     0
    90
    67
    12
    25
     7
    33
    17
    20
     0
     0
     0
     7
     0
     0
     0
     0
   129
   122
     0
     0
     6
     0
     0
     0
    71
   115
     6
     6
     0
    45
    11
     8
     0
     0
     0
     0
     0
     0
     0
     0
   232
     6
    16
     9
     0
    85
     0
     0
     9
     0
     9
     0
    13
    48
    41
     0
     0
     0
     0
     0
     0
     0
     0
     0
   188
     9
     0
     0
     0
    35
     0
     0
    14
     0
     0
    12
    18
    43
    38
     0
     0
     0
     0
     0
     8
     0
     0
     0
   251
     0
    10
    10
     0
    57
    26
     6
     0
    18
    19
    37
     8
     8
    40
     8
     0
     0
     0
     7
     0
     0
     0
     0
   330
    11
    27
     9
     8
    94
     0
     0
     0
    16
     7
     6
    10
    34
    37
     0
     0
     0
     0
     0
     0
     0
     0
     0
   228
     9
     0
     0
     0
    97
     0
     8
     0
     0
     0
    21
    17
    10
    15
     0
     9
     0
     0
    12
     0
     0
     0
     0
   101
   135
     0
    24
     0
     0
     0
     6
    65
    92
     0
     0
    17
    48
    31
    22
     7
     0
     0
     0
     0
     0
     0
     0
   116
   147
     0
     0
     0
     6
     8
    21
    75
    87
     0
     8
     0
    14
    27
    17
     0
     0
     0
     0
     0
     0
     0
     0
   208
     0
     0
     0
     0
    96
    14
     0
     7
     0
     8
    16
    13
    25
    25
     0
     0
     0
     0
     0
     0
     0
     0
    12
   273
    14
     0
    10
    10
    58
     0
    14
     0
     7
     0
    11
    40
    34
     0
     0
     0
     0
     0
     0
     0
     8
     0
     0
   162
     6
    21
     0
     7
    88
     0
     0
     9
    23
    15
     0
     6
    25
    40
     0
     0
     0
     0
     0
     0
     0
     0
     0
   244
     0
     0
     0
     0
    24
    17
     0
    12
    16
     0
    15
    14
    30
    14
     0
     0
     0
     0
     0
     0
     0
     0
     0
   270
     0
     0
     6
     9
     9
    14
     7
     8
    18
     9
     0
    25
    30
    42
     0
     8
     0
     0
     8
     0
     0
     8
     0
    87
    99
     7
    27
     0
     8
     0
     0
    80
    91
     0
     0
     0
    11
    16
    54
     0
     7
     0
     0
    11
     8
     0
     0
    98
   135
     0
    10
     0
     7
     7
     0
    32
    23
    19
     0
     7
    25
    21
    28
     0
     8
     0
     0
     0
     0
     0
     0
   198
     9
     0
    13
    16
    72
     0
     0
    10
     0
     0
    16
     6
    17
    13
     0
     0
     7
     0
     0
     0
     0
     0
     0
   267
    12
     0
     0
    10
   125
     0
     0
     0
     8
    12
    11
    27
    27
    41
     0
     0
     0
     0
     0
    10
     0
     0
     0
   322
     0
     0
     0
     0
   114
     0
     0
     0
     0
     7
     0
     8
    13
    30
     0
     0
     0
     0
     0
     0
     0
    10
     0
   190
     0
     0
     8
     6
    91
     8
     8
    14
     0
    19
    19
    25
    47
    35
     0
     0
     0
    10
    10
     0
     0
     0
     0
   144
    10
     0
     6
     0
    53
     0
     0
     0
     0
     7
    37
     0
    26
    26
     0
     0
     0
     0
     8
     0
     0
     0
     0
   127
    55
    12
     9
    15
     0
     0
     9
    84
   117
     0
     8
    10
     7
     9
    27
     0
     0
     0
     0
    18
    12
     0
     0
   103
   125
    17
    11
     0
    27
     0
    19
    35
   109
     0
     0
     0
    26
    41
    26
     0
     0
     0
     0
     0
     0
     0
     0
   238
    18
     0
     7
     0
   124
     8
     0
    10
     0
    24
    23
    39
    38
    30
     0
     0
     0
     0
     0
     0
     0
     0
     0
   185
     9
     0
     0
    12
    14
     6
     0
     8
     0
     0
     6
    24
    33
    60
     0
     0
     7
     0
     0
     0
     0
     0
     0
   193
     8
     9
     0
     7
    52
     0
    11
     0
    11
     0
    19
    18
    28
    43
     0
     0
     0
     0
     0
     0
     0
     0
     0
   185
     0
    19
     0
     0
    73
     0
     0
    11
     6
     0
     9
    32
    36
    27
     0
     0
     0
     0
     0
     0
     0
     0
     0
   196
    10
     0
     0
    10
    48
     0
     7
    11
     0
     0
    25
    24
    32
    46
     0
     9
     9
     0
     0
     0
     0
     0
     0
    74
   101
     9
     0
    10
     0
     6
     7
    63
    70
    20
    13
     0
    17
    28
    57
     0
     8
     0
     0
     0
     0
     8
     0
   112
   163
     0
     0
    19
     8
     9
     7
    24
    96
    20
     9
     0
    10
    16
    23
    10
     0
     0
     0
     0
     0
     0
     0
   244
     0
     0
     0
     0
    47
     0
    20
     9
     0
    11
    12
     6
    15
    25
     0
     0
     0
     0
     0
     0
     0
     0
     0
   195
     0
     0
    10
     0
    77
     0
     7
     0
     0
    11
    42
     0
    37
    35
     0
     0
     0
     0
     0
     0
     0
     0
     0
   225
     9
    21
     9
     0
    65
    10
    19
     0
     0
    16
    36
    16
     7
    25
     0
     0
     0
     0
     0
     0
     0
     0
     0
   224
     0
     0
     0
     0
    58
     0
     7
     7
     0
     0
    29
    17
     8
    36
     9
     0
     0
    10
     0
     0
     0
     0
     0
   267
     0
     8
    24
     8
    91
     0
     6
     0
     0
     0
    35
     6
    22
    56
    10
     0
     0
     0
     0
     0
     0
     0
     8
    85
   136
     7
     0
     0
    15
     0
    10
    71
    86
     8
     0
     0
    21
    18
    23
     0
    19
    18
     0
     0
     0
     0
     0
   134
    89
    10
     6
    16
     8
    16
     0
    51
    35
     0
    12
    11
     0
    23
    27
     7
     0
     0
     0
     9
     0
     0
     0
   210
     0
     0
     0
     0
    78
     7
     9
     0
    20
    10
    14
     0
    35
    15
     0
     8
     0
     0
     0
     0
     0
     0
     0
   160
     0
     9
    25
     8
    61
     8
     7
     0
     0
     0
    25
    26
    19
    26
     0
     0
     0
     0
     6
     0
     0
     0
     0
   258
     0
     0
     7
     9
    75
     0
    15
    11
     0
    11
    22
    19
    16
    17
     0
     0
     0
     0
     0
     0
     0
     7
     0
   248
    19
     0
     0
     0
    46
     8
     0
     0
     0
     7
    29
    23
     6
    40
     0
     0
     0
     0
     9
     0
     0
     0
     0
   244
     0
     0
    10
     8
    37
    25
    10
     6
     0
     0
    21
    14
    14
    31
     0
    16
     9
     0
     0
     0
     0
    10
     9
   113
   107
     0
    10
    10
     0
     0
    19
    98
    52
     0
     0
     0
    45
    35
    16
     0
    16
     7
     0
     0
    10
     0
     0
   124
   151
     0
     7
    25
     7
     6
     6
    61
    78
     6
     8
    48
    13
     0
    35
     0
     0
     0
     0
     0
     0
     0
     0
   241
     6
     0
    16
     0
    73
    11
     0
     7
     0
     0
    14
    19
    30
    23
     8
     0
     0
     0
     0
     0
     0
     0
     8
   231
     9
    11
    15
     0
    38
     9
     0
     0
     0
     8
    17
     8
    43
    17
     0
     0
     0
     0
     0
     0
     0
     7
     0
   192
     0
     7
     0
    11
   112
     0
     9
     0
     0
    11
    17
    31
    16
    28
     0
     0
     0
     0
     0
     0
     0
     0
     0
   145
     0
     0
     8
     9
    65
     9
     0
     0
    14
     0
     0
    52
    16
    58
     0
     0
     0
     0
     0
     0
     0
     0
     8
   199
     0
     0
     8
     0
    85
     9
     0
     0
     0
     0
    35
    23
    10
     6
     0
     0
     0
    19
     0
     0
     0
     8
     0
   103
    74
     0
     0
     0
     0
    14
     0
    78
    71
    10
     8
     0
     6
    25
    42
     0
     0
    10
     0
     0
     0
     0
     8
   195
   153
    15
     0
     8
     8
    12
     0
    90
   101
     0
     0
     0
    18
    25
     8
    11
     0
     0
     0
     9
     0
     0
     0
   199
     0
     0
     0
     0
    49
    19
     0
     0
     8
    17
     9
    15
    19
    30
     6
     7
     0
     0
     0
     8
     0
     0
     0
   179
    12
    18
     9
     0
    57
     0
     0
     6
     0
     6
    15
     8
    10
    41
     0
     0
     8
     0
     0
     0
     0
     0
     0
   186
     0
     0
    10
     8
    81
     0
     0
     0
     0
     0
     0
    26
     8
    13
     0
     0
     9
     0
     8
     0
     0
     0
     0
   248
    18
     0
     0
     0
    53
     9
     6
     6
     8
    10
     8
    17
    30
     8
     0
     0
     0
     0
     0
     0
     0
     0
     7
   242
     7
    25
     7
    20
    60
     0
     0
     0
     8
     0
    36
    10
    10
    18
     0
    11
     0
     0
     0
     0
     0
     9
    15
   140
   220
    14
     8
     9
     0
     9
     8
    66
    44
    29
    10
     6
    23
    21
    19
     9
     0
     8
     0
     0
     0
     0
     7
   191
   148
     9
     0
     6
     7
    16
     8
    40
    29
     0
     9
    11
    15
    17
     8
     8
     0
     0
     0
     0
     0
     0
     0
   185
     8
    15
     0
     0
    64
     6
     0
     0
     0
     8
    16
    11
    17
     6
     0
     0
     0
     0
     0
     0
     0
     0
     0
   146
     6
     0
     0
    16
    48
     6
     0
    10
     9
     0
     0
    12
     6
    13
     8
     0
     0
     0
     0
     9
     0
     0
     0
   121
     0
     0
     0
    18
    81
     0
     0
     8
     8
     0
     0
    24
    65
    33
     0
     9
     0
     0
     6
     7
     0
     0
     0
   293
     0
     6
     0
     8
    34
     0
     8
     7
     8
     0
     7
    25
    19
     0
     0
     0
     0
     0
     0
     0
     0
     9
     0
   232
    23
     0
     9
     0
    25
     0
     0
    10
    17
    13
    50
    10
    13
     6
     0
     7
    15
     0
     0
     6
    20
     0
     0
   133
   150
     0
     8
     6
     0
     0
     6
    59
    62
     0
    14
    17
    22
    41
    35
     0
    12
     0
     0
     0
     0
    18
     8
   111
    91
     0
     6
     0
     6
     0
    10
    60
    66
     0
     7
    10
     7
     8
    19
     9
    10
    11
     0
     0
     0
     0
     0
   208
     0
    17
     6
     0
   127
    20
     0
     0
     0
     0
    50
     7
     7
    17
     0
     0
     0
     0
     0
     0
     0
     0
     6
   119
     7
     0
     8
     8
    79
    21
     0
    27
    17
     8
    26
    33
    15
    25
     0
     0
     0
     0
     0
     0
     0
     0
     0
   198
    15
     7
     6
     0
   102
     9
     8
     0
     0
     6
    25
    38
     8
    15
     6
     0
     0
     0
     0
     0
     0
     0
     0
   229
    10
     0
     9
    11
    94
     0
     9
    19
     0
     7
    17
    15
    24
     8
     0
     0
     0
     0
     0
     0
     0
     0
     0
   249
     0
    10
    29
     0
    71
    11
    10
    18
     0
     0
     9
    22
    26
    22
     0
     0
     0
     8
     0
    10
     0
     9
     0
   143
   154
    18
     0
     0
     0
     0
     0
    19
    39
    11
     0
     9
    16
    28
    37
     0
     0
     0
     0
     0
     0
     0
     0
   126
   106
     8
     0
     0
     9
     0
    12
    75
    55
     0
     0
     0
    23
    16
    26
     0
     0
     0
     0
     0
     0
     0
     0
   223
     9
    27
     6
     0
    77
     6
     0
     8
     0
     0
     0
    35
     0
    17
     0
     0
     7
     0
     0
     0
     0
     0
     0
   131
     0
     0
     8
     7
    60
     0
     0
     0
     0
    18
     6
    16
    22
    25
     0
     0
     0
     7
     0
     0
     0
     0
     0
   227
    26
     0
     0
     0
   111
     0
     6
    17
     0
    18
    12
     0
     0
    14
     0
     0
     0
     0
    10
     0
     0
     0
     0
   193
     0
    14
     0
     8
    58
     9
     6
    11
     0
     0
    43
     9
    31
    23
     0
     0
     0
     0
     0
     0
     0
     0
     0
   214
    10
     0
     0
    11
    77
     0
    10
     0
     0
     9
    17
    32
    26
    38
     0
     0
     0
     0
     0
     0
     8
     0
     0
    92
   121
     0
     9
     0
    10
     0
     8
    30
    69
     0
     0
     0
    22
    33
    11
     0
     0
     0
     0
     8
     6
     0
    10
   112
   179
     8
     0
    11
     0
    19
    16
   106
    93
     0
     0
     0
    16
    40
    34
     0
     0
     0
     0
     0
     0
     0
     0
   211
     0
     0
     7
     0
    33
     6
     0
    11
    16
    17
    47
    17
    13
     8
     0
     0
     0
     0
     7
     0
     0
     0
     0
   199
     7
     7
     9
    15
    92
     9
    18
    11
     0
    18
    19
    21
     9
    57
     0
     0
     0
     7
     0
     0
     0
     0
     0
   189
     0
     0
    20
     0
   100
     0
     0
     0
     0
     0
    43
     8
    11
    19
     0
     0
     8
     7
     6
     0
     0
     0
     0
   212
    10
     9
     0
     7
    35
     0
     0
     7
     0
     0
    45
    21
    26
    36
     7
     0
     0
    10
     0
     0
    11
     6
     0
   122
     0
     0
     0
     8
    82
     0
     0
     0
     0
    16
    21
    15
     8
    24
     0
     0
     0
     7
     0
     0
     0
     0
     0
   147
   118
    15
     0
     7
     7
     0
     0
    47
    36
    14
     0
     9
    42
    14
    29
    15
     0
     0
     0
     0
     0
     0
     0
   108
   164
     0
     0
     0
     7
     7
     9
    37
    42
     6
     0
     8
    48
     9
    17
     0
     0
     0
     0
     0
     0
     0
     7
   136
     9
    25
     7
     0
    63
    15
     8
    13
     0
     0
    31
    24
     8
    39
     0
     0
     0
     8
     0
     0
     0
     0
     0
   196
    10
    11
    15
     0
    45
     0
     0
     7
     0
     0
    27
     8
    14
    14
     0
     0
     0
     0
     0
     0
     0
     0
     0
   290
     9
     0
     0
     0
    71
     0
    11
     0
     0
     0
    16
    33
    27
    40
     0
     0
     0
     0
     0
     0
     0
     0
     0
   190
    16
    12
     0
     0
    46
    10
    11
     7
     0
     0
     6
     0
    48
    19
     0
    12
     0
     0
     0
     0
     0
     0
     0
   206
     0
     7
     8
     8
    97
     0
     0
     0
     0
    23
    27
    30
    15
     9
     0
     0
     9
     9
     0
     0
     0
     0
     0
   148
   132
    16
     7
     0
    17
    13
     0
    35
    64
     0
     0
     7
    37
    16
     0
     0
    10
     0
    10
     0
     0
    21
    11
    59
   146
     0
     9
     0
     0
     7
     0
    53
    63
     0
     0
    10
     8
     8
     0
     0
     0
     0
     0
     0
     0
     0
     0
   184
     0
     0
     0
     0
    62
     0
     0
    22
     0
     0
    28
     8
     8
     7
     0
     0
     0
     0
     0
     0
     0
     0
     9
   218
     0
     0
     0
    18
    39
     7
     0
     7
    10
     0
    12
     9
    17
     7
     0
     0
     0
     0
     0
     0
     0
     6
     0
   178
    15
     6
     0
     0
    45
     0
     8
     0
    17
     6
    30
    35
    16
     0
     0
     0
     0
     0
     0
     0
     0
     0
     0
   155
    11
     0
     0
     0
    41
     0
     0
     0
    12
     0
    17
    23
    16
    43
     0
     0
     0
     0
    15
     0
     0
     0
     0
   212
     0
    14
     0
     6
    68
     0
     0
     0
    10
     0
     0
    45
    29
    10
     0
     0
    11
     0
     0
     0
     0
     0
     0
   116
   160
     0
     8
    11
     0
     6
     0
    77
    39
     0
     0
     9
    19
    11
    20
     0
     0
     0
     7
     0
     0
     0
     0
    61
   114
    17
     6
    10
    10
     0
     0
    59
    66
     7
     0
     6
    27
    14
    17
     0
     0
     0
     0
     7
     0
     0
     0
   226
     0
     0
     0
     0
    53
     9
     9
    11
     0
     0
    28
    16
    56
     0
     0
     0
     0
     0
     0
     0
     0
     0
     0
   148
     0
     6
    12
     0
   120
     0
    14
    17
     8
     0
     8
    36
     6
    19
     0
     0
     0
     0
     0
    11
     7
     7
     0
   248
     8
     0
     9
     0
    24
    16
     7
     0
     0
     0
    17
    12
    21
    24
     0
     0
     0
     0
     0
     0
     0
     0
     0
   137
    15
     7
     8
     0
    77
    11
     0
     0
     0
     8
     0
     6
    19
     8
     7
     0
     0
     0
     0
     0
     0
     0
     0
   188
     8
    17
    17
     0
    82
     0
     0
     6
     0
     9
    32
     8
    30
     9
     0
     0
     0
     0
    10
     0
     0
     0
     0
   127
   124
     9
     8
     0
    32
     9
    10
    40
    57
     9
     9
    11
    27
    19
    38
     0
     0
     0
     7
     0
     8
     0
     0
   139
   132
     0
     0
     7
    13
     0
     0
    74
    75
     0
     0
    15
     0
    15
    44
     0
     0
     0
     0
     0
     0
     0
     7
   182
     8
     0
     8
     0
    89
     8
     7
     0
     0
     0
    42
    30
     6
    39
     0
     0
     0
     0
     0
     0
     8
     0
     6
   246
    24
    15
     8
    14
    79
    17
    10
     0
     0
    11
    25
     6
    23
     9
     0
     0
     0
     0
     0
     0
     0
     0
     0
   224
     0
    15
     0
     0
    72
     0
    18
     9
     7
    15
    29
    15
    18
     0
     0
     0
     0
     0
     0
     0
     0
     0
     0
   163
     0
     8
     7
     8
   123
     9
     0
     9
     0
     0
    17
    17
     8
     9
     0
     0
     0
     0
     0
     0
     0
     0
     0
   203
     6
     7
     0
     7
    31
     7
     6
     0
    17
     6
     8
     0
    33
     0
    10
     8
     0
     0
     0
     0
     0
     0
     6
   164
   191
    20
    10
    18
     9
     0
     0
    47
    77
    12
    10
    23
    23
    48
     7
    10
     7
    25
     9
     0
     9
     0
     0
   127
   209
    12
    21
     9
     0
    11
     0
   112
    74
     0
     0
     8
    14
    15
    15
     0
     0
     0
     0
     9
     0
     0
     0
   266
     8
     0
     0
     0
    61
     6
     0
     0
     8
     0
     0
    26
    40
     0
     0
     0
     0
     0
     0
     0
     0
     7
    10
   202
     0
    18
     0
     0
    28
     0
     0
     0
    11
     0
     7
     7
    14
    43
     0
     0
     0
     0
     0
     0
     0
     0
    10
   174
     0
     0
     0
     0
    55
    12
     0
     0
     0
     0
     8
    27
    25
    17
     0
     0
     0
     0
     9
     0
     0
     0
     6
   181
     9
     0
     6
     8
    28
    13
    15
     0
     0
     0
    37
    12
    11
    34
     0
     0
     0
     0
     0
     0
     0
    10
     0
   205
     0
    11
     0
    22
    54
     0
     0
     0
     0
     0
    24
     8
    17
    28
     0
     0
    10
    10
     0
     0
     0
     0
     0
    83
   110
     0
     8
     9
    18
     0
     9
    81
    84
    10
     0
     0
    21
     0
    49
     0
     0
     0
     0
     7
    12
     6
    11
   137
   112
     0
     0
     7
     9
    17
     0
    24
    55
     0
     0
     0
     6
    12
    28
     0
     0
     0
     9
    11
     0
     0
     0
   217
     0
     8
     0
     6
    55
    10
    15
    10
     0
     0
    49
     8
     0
    45
     0
     0
     0
     0
     7
     0
     0
     0
     0
   180
     0
     0
     0
     6
    35
    11
     0
     0
     0
    21
    15
    38
    10
    17
     0
     0
     0
     0
     0
     0
     0
     9
     0
   179
     0
    13
    20
    17
   143
     0
     9
     0
     0
     8
    10
     6
    22
    32
     0
     8
     0
     0
    10
     0
     0
     0
     0
   148
     8
     7
     0
    24
    79
     0
     8
     6
    11
     0
    27
     0
    28
     0
     0
     0
     0
     0
     0
     0
     0
     0
     0
   133
    19
     0
     8
     7
   114
     0
     7
     0
    11
     8
     9
    26
     8
    25
     0
     8
     0
     6
     0
     0
     0
     9
     0
    52
   142
     8
     8
    14
    14
    18
     0
    75
    39
    17
     0
     0
     0
    34
    14
     0
     0
     0
     8
     0
    16
     9
     0
   172
   151
    24
     0
    13
     7
     0
     0
    66
    61
    10
     0
     0
    18
    23
    17
     0
     0
     0
     0
     0
     0
     0
     0
   192
    15
     0
     7
    17
    65
     0
     0
     7
     7
    16
     8
    18
    31
     0
     0
     0
     0
     0
     0
     0
     0
     0
     0
   271
     0
    27
     0
     0
   102
     0
     0
    16
     9
     0
    17
    22
    12
     8
     0
     0
     7
     0
     0
     0
     0
     0
     0
   184
     0
     0
     0
     0
    37
     0
    16
     9
     6
     0
    42
    16
    26
     9
     0
     0
     0
     0
     0
     0
     0
     0
     0
   114
    12
     0
     0
    22
   108
     7
     0
     8
     0
     0
    11
    22
    15
    36
     0
     0
     0
     0
     0
     6
     0
     0
     0
   215
     0
     0
     0
    10
    45
     9
    10
     0
     0
     0
    35
    18
     8
     9
     0
     0
     0
     8
     0
     0
     0
     0
     0
    64
   108
     0
     7
     0
     8
    17
     0
    22
    24
     9
     0
     9
    36
    24
    16
    10
     0
    14
     0
     0
     0
     0
    10
   106
    66
    14
     0
     0
    17
     0
     0
    40
    61
     0
     0
     0
    46
    18
    44
     0
     0
     0
     0
     0
     0
     0
     0
   196
     7
     0
     0
     0
    93
    15
     0
    16
    11
     8
    57
     9
     0
    15
     0
     0
     0
     0
     0
     0
     0
    10
     0
   228
     0
     0
    15
    25
    37
     0
     7
    15
    24
    16
    13
     0
    24
     0
     0
     9
     0
     0
     0
     0
     0
     0
     7
   224
    19
     0
     0
    25
    52
     0
     0
     8
     8
     0
    15
     8
    17
    51
     0
     0
     0
     0
     0
     0
     0
     0
     0
   150
     0
     8
     9
     0
    84
     7
     7
     7
     0
     0
     8
    31
    17
    34
     0
     0
     0
     0
     0
     0
     0
     0
     0
   271
     0
    18
    13
     9
    65
     0
     6
     0
     9
     8
    10
    39
     8
    30
     0
     0
     0
     9
     0
     0
     0
     0
     0
   148
   113
     7
    10
     0
     0
     6
     0
    58
    33
     0
     0
     0
    24
    23
    15
     0
     0
     0
     0
     7
     0
     0
     0
    98
    83
     0
     0
    15
     7
    27
    21
    66
    55
     0
     0
     0
    33
    11
    29
     0
     0
     0
     0
     0
     0
     0
     0
   251
     0
    26
    16
     0
   105
     0
     0
    11
     9
     0
    26
    16
     0
    25
     0
     0
     0
     8
     0
     0
     0
     0
     0
   197
     0
    21
     0
     6
    64
     9
     0
     0
    19
     0
    35
    14
    14
    32
     0
     0
     0
     0
     0
     0
     9
     0
     0
   124
     0
     0
     0
     8
    62
     9
     0
     8
     8
     0
    42
     8
     0
     0
     0
     0
     0
     0
     0
     0
     0
     0
     0
   191
     0
     6
     0
     0
    52
     0
    15
     7
     7
     0
    17
    22
    40
    31
     0
     0
     0
     0
     0
     0
     0
     0
     0
   209
    10
    19
     8
     8
    72
     0
     0
     0
     0
    11
    18
    40
    30
    52
     0
     0
    10
     0
     0
     8
     0
     0
    16
   128
    77
     8
    11
     0
     0
     0
    18
    62
    22
     0
    18
     0
    39
    28
    41
     0
     0
     0
     0
     0
     0
     0
     0
   158
   116
     9
    16
    27
     0
    11
     0
    47
    55
     0
     6
     0
     0
    44
    64
     0
     0
     0
     0
     0
     0
     0
     0
   183
     0
     0
     0
     0
    71
    14
     0
     0
     0
     7
    14
    37
     0
    16
     0
     0
     0
     0
     0
     0
     0
     0
     0
   154
    11
     0
     0
     0
    96
     0
     0
     0
     9
     9
    53
    25
     0
     0
     0
     0
     0
    10
     0
     0
     0
     0
     0
   145
     0
     0
     8
     0
    28
     0
     0
    10
     0
     0
    27
    34
    23
    33
     0
     0
     7
     0
     9
     0
     0
     8
     0
   222
     0
     9
    19
    19
    64
     0
     9
    10
     0
     8
    17
    10
    10
     7
     0
     0
     0
     0
     0
     0
     0
     0
     0
   150
     0
     8
    11
     0
    44
     9
     0
     0
     0
     0
    28
    31
    21
    23
     0
     0
     0
     0
     0
     0
     0
     0
     0
   125
   117
    17
     0
     0
     0
     0
    23
    67
    41
     0
     7
     0
    21
    21
    33
     0
     0
     0
     0
     0
     0
     0
     0
   221
    75
     0
    18
     0
     0
     0
    10
    42
    78
     0
    11
    13
    33
    10
    59
     0
    13
     0
     0
     0
     0
     0
     0
   216
     6
     6
     0
     6
    52
     6
    12
     0
     0
     0
    26
     0
    38
     6
     0
     8
     8
     0
     0
     0
     0
     0
     0
   177
     6
     0
     0
     0
    53
     0
     0
     0
     0
     7
    18
     8
     0
    44
     7
     9
     0
     0
     0
     0
     0
     0
     0
   133
    10
    15
     0
     0
    91
     9
     0
     0
     8
     0
    34
    11
    16
    35
     0
     0
     0
     0
     0
     0
     0
     0
     0
   179
    20
     0
    15
     0
    54
     0
     7
     0
    17
     0
    40
    23
    25
    38
     0
     0
     0
     0
     0
     8
     0
     9
     0
   188
     0
     0
     0
     8
    58
     0
     0
     8
    10
     8
    10
    27
     7
    12
     0
     0
     0
     0
     0
     0
     0
     7
     0
   108
   148
    17
     8
     0
     0
     0
    10
    35
    82
     0
     7
     0
     9
    23
    50
     9
     0
     0
     0
     0
     0
     9
     0
    83
   133
    17
     0
     6
     0
     0
    16
    63
    38
    17
     0
     0
    20
    30
    28
     0
     0
     0
     0
     0
     0
     0
     0
   151
     0
    10
     0
     0
    36
     0
     0
     0
     7
    16
     7
    17
     7
    20
     0
     0
     0
     0
     0
     0
     0
     0
     0
   164
     0
     7
    17
     0
    79
     0
    10
    10
     0
     0
    15
    10
     7
    13
     0
     0
     0
     0
     0
     0
     0
     0
     0
   237
     6
     0
    12
     7
    47
     0
     7
     0
     0
     0
     9
     0
    38
     8
     0
     0
     0
     0
     0
     0
     0
     0
     0
   219
    10
    28
     6
    27
    78
     0
     0
    15
     0
     0
    29
    15
    38
    18
    19
     0
     0
     0
     0
     0
     0
     0
     0
   195
     0
    15
     0
    18
    50
     8
     8
     0
    10
    26
    25
     0
    26
    61
     0
     0
     8
     0
     9
     0
     0
    12
     0
   146
    64
     0
     0
     0
     6
     0
     9
    35
    45
     0
     7
     7
    26
    39
    26
     0
     0
     0
     0
     0
     0
     6
     0
   127
    83
     0
     9
     0
     0
    12
     0
    23
    32
    11
     0
     0
    15
    50
    11
     0
     0
    10
     0
     0
     0
     0
     0
   295
     0
     7
     7
     9
    81
     0
    10
     0
     8
     0
    20
    17
    26
    21
     0
     0
     0
     0
     0
     0
     0
     0
     0
   185
     0
     0
     8
     0
    36
     0
     7
     0
     6
     0
     6
    16
    25
     0
     0
     0
     0
     0
     0
     0
     0
     0
     0
   178
     0
     0
     0
     0
    43
     0
     7
     0
    15
     0
    32
    32
    11
    27
     0
     0
     0
     0
     0
     0
     0
     0
     0
   157
     0
     0
     7
     7
    84
     0
    13
    19
     7
    26
    17
     0
     7
    30
     0
     0
     0
     0
     9
     0
     0
     0
     0
   167
    10
    16
     0
     8
   121
     0
     0
     0
     0
     0
     8
    15
     7
     6
     8
     9
     0
     0
     9
     9
     0
     0
     0
   143
   130
     7
     7
     9
     9
     6
    20
    12
    61
     0
     7
     8
    25
     7
    17
     7
     0
     0
     6
     0
     0
     0
     0
    85
   157
     0
    17
     9
     0
    19
     8
    39
    61
     8
     0
     0
    36
    13
    22
     0
     0
     0
     0
     0
     0
     0
     0
   222
     8
     0
    19
    10
    18
    17
     7
     0
     6
     7
    26
    17
    18
     7
     0
     0
     0
     0
     0
     0
     0
     0
     0
   195
     0
     0
     0
     0
    71
     0
     0
     0
     0
     0
    20
     8
    11
    19
     0
     0
     0
     0
     0
     0
     0
     0
     0
   206
     0
     8
     0
     8
    84
     0
     0
     7
    18
     6
    19
    24
    24
    27
     0
     0
     0
     0
     8
     0
     7
     0
     0
   152
     0
     6
    19
     0
    81
     0
     0
     8
     0
     0
    14
    20
    34
    14
     0
     8
     0
     0
     0
     0
     0
     0
     0
   123
     7
     0
     0
     9
    59
     0
     0
     0
     7
     8
     7
     0
    16
    32
     0
     0
    16
     7
     0
     0
     0
     0
     0
    71
   133
     0
     0
     8
     0
     7
    14
   114
    27
     0
    17
    14
    22
    24
    12
     0
    10
     0
     8
     0
     0
     0
     8
   153
    76
     8
     0
     8
     0
     0
    10
    39
    58
    20
     0
     9
    42
     6
     0
     0
     0
     0
     0
     0
     0
     0
     0
   206
    10
    10
     0
     0
    40
     0
     0
     0
    17
     8
    18
    17
     0
    19
     0
     0
     0
     0
     0
     0
     0
     0
     0
   156
     0
     0
     0
     6
    80
     0
     0
    11
    11
     0
    49
    18
    13
     6
     0
     0
     0
     0
     0
     0
     0
     0
     0
   163
     0
     6
     0
     0
    32
     0
     9
    18
     0
     0
    26
    23
    10
    16
     8
     0
     0
     0
     0
     0
     8
     0
     0
   157
     8
    15
     0
    20
     6
    20
    14
     0
     0
     0
    29
     7
    20
    11
    11
    11
     0
     0
     0
     0
     0
     0
     0
   212
     6
     0
    10
     9
    59
     0
     0
     9
     0
     0
     9
    28
    17
     0
     0
     9
     0
     0
     9
     0
     0
     0
     0
   137
    80
    12
     7
     0
    10
     0
    23
    29
    22
     6
     0
     0
    12
    17
    16
     0
     0
     0
     9
     0
    10
     0
     0
    51
    91
     0
     0
     0
     0
    11
     0
    30
    35
     0
     0
     7
    29
     0
    34
     0
     0
     0
     0
     0
     0
     0
     9
   202
    17
     6
     0
     9
    53
    15
     8
     0
     0
     0
    20
    15
    32
    18
     0
     8
     0
     0
     0
     0
     0
     0
     0
   141
     0
    11
     0
     6
    35
     0
     8
    18
     0
     0
    46
    24
    35
    36
     0
     0
     0
     0
     0
     7
     0
     0
     0
   151
    39
     6
     0
     0
    50
     0
    10
     0
     7
     7
     8
    23
    22
    21
     0
     0
     0
     0
     0
     0
     0
     0
     0
   161
     9
     0
     7
     0
    79
    20
    19
     0
     0
     0
     0
    25
    16
     0
     0
     0
     0
     0
     0
     0
     0
     0
     0
   158
     0
     0
     0
     9
    61
     9
     0
     0
    16
     9
    16
    34
    33
     7
     0
    19
     9
     0
     0
     0
     0
     0
     0
   120
    78
    14
     0
    10
    11
    15
     0
    59
    18
    10
     0
    11
     0
    62
    16
     0
     0
     0
     0
     0
     0
     0
     0
   105
   104
    14
     0
    15
     0
     0
     0
    66
    46
     0
    18
     7
     0
    21
     9
     0
     0
     0
     0
     0
     0
     0
     0
   169
     0
     6
    14
     0
    21
     0
    16
     0
     0
    13
    24
    15
     0
    51
     0
     0
     0
     0
     0
     0
     0
     0
     0
   158
    22
     0
     0
     9
    50
    16
     7
     0
    21
     6
    26
    20
    50
    22
     0
     0
     0
     0
     0
     0
     0
     0
     0
   150
     8
     0
     7
     0
    99
     0
     0
     0
     0
     8
     6
    20
     0
    22
     0
     0
     0
     0
     0
     0
     0
     0
     0
   180
     7
     8
     7
     0
    63
     0
     0
     0
    20
     0
    23
    23
    20
    12
     0
     0
     0
     0
     0
     0
     0
     0
     0
   213
     0
     0
     8
     0
    55
     0
     0
     0
     0
     9
    25
    18
    12
    33
     0
     0
     0
     0
     0
     0
     0
     0
     6
    77
    75
     0
     6
     6
     0
     7
     0
    68
    46
     9
     9
     8
    44
    40
    13
     9
     9
     9
     0
     0
     8
     0
     0
    73
   128
     0
     0
     6
     9
     0
     6
     7
    63
    20
     0
     0
    29
     8
    23
     0
     0
     0
     0
     0
     0
     0
     0
   211
     0
     0
     0
     0
    40
     0
     0
     8
    15
     0
    17
    18
    26
     8
     0
     0
     0
     0
     0
     0
     0
     0
     0
   216
     0
     0
     7
     0
   100
     0
     0
     0
     0
     9
    36
    42
    10
    15
     0
     0
     0
     0
     0
     0
     0
     0
     9
   185
     7
     9
     9
     0
    65
     0
    10
     0
    12
     0
    30
    22
    18
     0
     0
     0
     0
     0
     9
    10
    10
    10
     8
   220
     0
     0
    10
     0
    78
     0
     6
    20
    15
    25
     0
     0
    17
    41
     0
     0
     0
     0
     0
     0
     0
     0
     0
   125
     0
     9
     0
     0
    38
     7
     7
     0
    18
     0
    27
    25
     6
     9
     0
     0
     0
     0
     0
     0
     0
     0
     0
   121
   118
     0
     0
     7
     0
     0
    17
    46
    35
     9
     0
     7
    26
    34
    24
     0
     0
     0
     0
    16
    15
     0
     0
    73
   112
     9
     0
     0
     0
     0
    19
    53
    86
     0
     6
    23
    18
    10
     9
     0
     0
     0
     8
     0
     0
     0
     7
   209
     0
     7
     0
     0
    53
     0
     0
     7
     0
    10
     9
    19
    38
     9
     0
     0
     0
     0
     0
     0
     7
     0
     0
   219
     0
    18
     0
     9
    54
     0
     8
     0
     0
     0
     0
     0
    16
     0
     9
     0
     0
     0
     0
     0
     0
    10
     0
   233
    10
     0
     0
     0
    42
     8
     0
     0
     0
     0
    26
    30
    37
    19
     0
    11
     0
     0
     0
     0
     0
     0
     6
   181
     0
     0
     7
     9
    63
     0
    31
     0
     0
    16
    44
    10
    27
    22
     0
     0
     0
     0
     0
     7
     0
     7
     0
   205
     0
    29
     0
     0
    41
     0
     0
    17
     0
     0
    32
    17
    14
    27
     0
     0
     0
     0
    17
     0
     0
     0
     0
    62
    71
     0
     0
     0
     0
     0
     8
    47
    18
     0
    18
     0
    43
     8
    27
     9
     6
     0
     0
     0
     0
     0
     0
   135
    68
     0
     0
     0
     0
    16
     0
   101
    70
     0
     8
    17
     9
    27
    17
     0
     0
     0
     0
     0
     0
     0
     0
   176
     0
     0
    13
     0
    38
     0
     0
     0
     0
    12
     8
    19
    47
    22
     0
     0
     0
     0
     0
     0
     0
     0
     0
   134
     0
     0
    17
     0
    51
     0
     0
    25
     8
     0
     6
    30
    30
    23
     0
     0
     0
     0
     9
     0
     0
     0
     0
   206
     0
     0
     0
     0
    70
     0
     9
     0
     0
     0
     8
    10
    19
    16
     0
     0
     0
     0
     0
     0
     0
     0
     0
   163
     0
     0
     0
     0
    23
     8
     0
     9
     0
     0
    24
    33
    11
    35
     0
     0
     0
     0
     0
     0
     0
     0
     0
   154
     6
     0
     0
     0
    56
     9
     0
     0
     0
     0
    15
    15
     8
    20
     0
     0
     0
     0
    17
     0
     0
     9
    10
   120
   112
     0
     0
     0
    17
     0
     0
    64
    74
    20
     0
     6
    24
    45
     0
     0
     0
     6
     0
     0
     0
     0
     0
   124
   121
    19
    16
     9
     0
     0
     0
    33
    65
     6
    11
     0
     8
    15
    27
     0
     0
     0
    10
     0
     0
     0
     0
   259
    23
     0
    14
    17
    60
     8
     0
     0
     0
     0
    14
    11
     0
    65
     0
     0
     0
     0
     0
     0
     0
     0
     0
   179
     0
     0
     8
     0
    69
     0
     7
     0
    11
     0
    15
    32
    34
    18
     0
     0
     0
     0
     0
     0
     0
     0
    10
   160
     0
    11
     0
     0
    41
     0
     0
     7
     0
    10
    15
    28
    44
    21
     0
     0
     0
     0
     0
     0
    18
     0
     0
   194
     0
     0
     8
    10
    70
     0
     0
     8
     0
     0
    37
     8
    10
     7
     0
     0
     0
     0
     0
     0
     7
     7
    20
   192
     0
     0
     0
     0
    62
     8
     0
    18
     0
     0
    19
     9
    26
    16
     0
    21
     9
     0
     0
     7
     0
    18
     0
   120
    58
     9
     0
     9
     9
     0
     0
    70
    52
     7
     6
    29
     9
    14
    26
     0
     0
     0
     9
     9
     9
     0
     0
    72
    61
     0
     0
     8
     0
     0
     0
    56
    61
     0
     0
     8
    35
    15
    17
     0
     0
     0
     0
     0
     8
     0
     0
   161
     8
     0
     7
     8
    73
     8
     0
    16
     0
     0
     0
    20
    10
    30
     0
     0
     0
     0
     0
     0
     0
     0
     0
   144
     8
     0
     9
     0
    74
     7
     0
    19
     0
     0
    11
    18
    17
    10
     0
     0
     0
     0
     0
     0
     0
     0
     0
   188
     9
     0
     0
     8
    60
     0
    19
     0
    13
     8
    25
     0
    18
    10
     0
     0
     0
     0
     0
     0
     0
     0
     0
   221
     0
    20
     0
     0
   128
     9
     0
     0
     6
    10
     0
    24
    57
    20
    10
     0
     0
     0
     9
     0
     0
     0
     0
   116
    18
     0
     9
     0
    51
     7
     9
     9
     0
     9
    31
    44
     0
    22
     0
     0
     0
     0
     0
     0
     9
     0
     9
   140
    54
     7
     0
     8
    13
     0
     9
    42
   108
    16
     0
     0
    25
    39
    15
     0
     0
     0
     0
     0
     0
     0
    17
    51
    80
    16
     0
     7
     0
     0
     6
    56
    51
     0
     8
     8
    14
    18
    34
     0
     0
     0
     0
     0
     0
     0
     0
   161
     0
     0
    11
     0
    53
     0
     0
     0
     0
     0
    24
    18
    13
    25
    12
     0
     0
     8
     0
     0
     0
     0
     0
   213
     9
    24
     0
     0
    81
     0
     6
     0
     0
     0
    17
    31
     0
    36
     0
     0
     0
     0
    11
     0
     0
     0
     0
   255
     7
     0
     6
     9
    43
    15
    14
     0
     9
     0
    14
    12
    16
     7
     0
     0
     6
     0
     0
     7
     0
     0
     0
   158
     0
    15
     0
     0
    54
     0
    29
     0
     9
     0
     0
     0
    41
    44
     0
     0
     0
     8
     0
     0
     0
     9
     0
   179
    10
     0
     0
     0
    69
     9
     0
     8
     8
     8
    20
     0
    48
     0
     0
     0
     0
     0
     0
     9
     7
     0
     0
   138
    77
     0
     0
     8
     0
     0
     0
    40
    32
     0
     0
     8
    39
     7
    69
     0
     0
     0
     0
     0
     0
     8
     8
   145
    86
     0
     8
    19
     0
     6
    22
    42
    78
     7
     0
     8
    28
    28
    17
     0
     0
     0
     0
     0
     0
     0
     0
   266
     7
     0
     0
     8
    84
     0
     0
     9
    19
     0
    39
    19
     0
    28
     0
     0
     0
     0
     0
     0
     0
     0
     0
   145
     0
     7
     0
     9
    18
    19
     7
     0
     9
     6
    62
     0
     0
    14
     0
     0
     0
     0
     0
     0
     0
     0
     0
   127
     7
     0
     0
     0
    48
     0
     0
     7
     0
     6
    40
     6
    28
    53
     0
     8
     0
     0
     0
    10
     0
     0
     0
   129
     0
     0
     0
     0
    40
     0
     7
    12
     9
     0
    18
    20
    42
    20
     0
     0
     0
     0
    11
     0
     7
     0
     0
   123
    14
     0
     0
     0
    26
     0
     8
     9
     0
    17
     9
     8
    15
    43
     0
    10
     0
     8
     8
     0
     0
     0
     0
   144
   123
     0
     0
    26
     0
     0
     0
    43
    52
     8
     9
     0
    24
    22
    27
     9
     7
     0
     0
     0
     0
     0
    19
    97
    94
     0
    11
     0
    15
     0
    18
    34
    43
     8
     0
     0
    28
     9
    19
    10
     0
     0
     0
     0
     0
     0
     0
   150
     0
     0
     0
    28
    19
    15
     0
     8
     0
     0
    32
    16
    16
    22
     0
     0
     0
     0
     0
     0
    12
     0
     0
   211
     0
     0
     8
     6
    45
     8
     0
     0
     7
     0
    19
     0
    35
    27
     0
     0
     0
     0
     0
     7
     0
     0
     0
   153
     0
    10
     7
     0
    31
    11
     0
    26
     0
     0
    16
    19
    51
    35
     0
     0
     0
     0
     0
     0
     0
     0
     7
   170
     0
     9
     7
     7
    27
     0
     0
    10
     6
     0
    37
    29
    21
    24
     0
     0
     0
     0
     0
     0
     0
     0
     0
   126
     0
     0
     8
     0
    39
     0
     0
     0
     0
    10
     6
    27
    17
    15
     0
     0
     0
     0
     0
     0
     0
     0
     0
   100
   120
     0
    23
    20
     0
     0
     0
    89
    45
     0
     0
     7
    25
    26
    14
     0
     0
     0
     8
     0
    15
     0
     0
    88
   107
     0
     9
     0
     0
     0
     7
    54
    35
     9
     0
     0
     0
    25
    26
     0
     0
     0
     0
     0
     0
     0
     0
   245
    11
    29
    11
     9
    64
     0
     9
    10
     7
     8
     0
    13
     0
    45
     0
     0
     0
     0
     0
     0
     0
     8
     0
   142
     6
     8
     0
    12
    41
     0
     0
     0
    21
    10
     0
    17
    28
    18
     0
     0
     0
     0
     7
     0
    10
     0
     0
   170
     8
    10
     0
     0
    53
     0
     0
     0
     0
     0
     0
    21
    30
    24
     0
     0
     0
     7
    10
     0
     0
     0
     0
   188
     0
     0
     7
     0
    62
     6
     0
     0
    15
     0
    17
    18
     6
    51
     0
     0
     0
     8
     0
     0
     0
     0
     0
   227
     0
     8
    18
     9
    15
     0
     0
     7
     0
     9
    11
    19
    27
    31
     0
     0
     0
     0
     9
     0
     0
     0
     0
   111
    86
     0
    10
     0
     6
     0
     7
    56
    89
     6
     8
     0
     9
    13
    13
    10
     0
    14
     0
     0
     7
     0
     0
   138
   119
     0
     0
     0
    10
     0
     0
    92
    67
    17
    18
     6
    44
    27
    30
     0
     0
     0
     0
     0
     0
     0
     8
   234
     6
    11
     9
    19
    58
     0
     0
     0
     9
     0
    56
    16
    50
    20
     0
     0
     0
     0
     0
     0
     0
     0
     0
   224
     0
     0
     0
     0
    56
    14
     6
     6
     0
     9
    32
    15
     8
    23
     6
     0
     0
     0
     0
     9
     0
     0
     0
   169
     0
     0
    10
    10
    40
     0
     7
     0
     9
     0
     6
    25
    34
    39
     0
    10
     0
     0
     0
     0
     0
     0
     0
   204
     0
    27
     9
     0
    49
     0
     0
    12
     0
    15
    13
     8
     9
    30
     0
     6
     0
     0
     0
     0
     0
     0
     0
   134
     0
     7
     0
     0
    72
     7
     0
    21
     8
     7
     9
    29
    26
    25
     0
     0
     0
     0
     8
     0
     0
     0
     0
   114
    95
     0
     0
    17
     0
     0
     9
    33
    28
     0
     7
    15
    16
    42
    41
     0
     0
     0
     0
     0
     6
     8
     0
   100
    44
    20
     9
     0
     0
     0
     7
    60
    75
    15
    10
     0
    19
     6
    24
     0
     0
     0
     0
     8
     0
     0
     0
   185
     0
     0
     8
     0
    83
     7
    10
    12
     0
    10
     0
    39
    24
     8
    10
     8
     0
     0
     0
     0
     0
     0
     0
   133
     0
     0
     9
     0
    57
     8
     0
     0
     0
     0
    24
    18
     9
     9
     6
     0
     0
     0
     0
     0
     0
     0
     0
   132
     9
     0
     0
     0
    75
     0
     0
     0
     0
     0
    15
     7
     0
    11
     0
     0
     0
     0
     0
     8
     0
     0
     0
   223
     9
     9
     0
     0
    46
     0
     6
     0
     0
     0
    29
    10
    35
    19
     0
     0
     7
     0
     0
     0
     0
     0
     0
   184
     0
     7
     0
     0
    90
     0
     0
     0
     0
     7
    11
    31
    19
     7
     0
     0
     0
     0
     0
     0
     0
     7
     0
   200
    97
     0
     0
    12
     0
     8
     6
    72
    56
     8
     8
    10
    43
    44
     0
     0
     0
     0
     0
     7
    18
     0
     0
   114
    98
     0
     0
    16
     0
     0
     0
    36
    37
     0
     7
     0
    16
    48
    15
     0
     0
     0
     0
     7
     0
     0
     0
   155
     0
    16
     0
     0
    32
     0
     0
     0
     8
     0
     7
    13
    29
    18
     0
     0
     0
     0
     0
     0
     0
     0
     0
   184
    10
    22
    16
     0
    75
     0
     0
     6
     8
     0
     9
    42
    19
    17
     0
     0
     7
     9
     0
     0
     0
     0
     0
   194
     8
     0
     0
    16
    67
     7
     0
    18
     0
     0
    26
     0
    32
    15
     0
     0
     0
     6
     0
     0
     0
     0
     0
   154
     0
     8
    11
     0
    75
     0
     0
    16
     9
     0
    38
    16
    17
    21
     0
     0
     0
     0
     6
     0
     0
     0
     0
   162
     0
     7
    19
     0
    46
    18
     9
     0
     0
     0
    24
    40
    30
     0
     0
     9
     0
     9
     0
     0
     6
     0
     0
   134
   114
     7
    11
     0
     7
     0
     0
    49
    13
     0
    10
    10
    41
    44
    34
     0
     0
     0
     0
     0
     0
     0
     0
   108
   135
     0
     0
     0
    16
     8
     0
    49
    52
     0
     7
     0
    32
     0
    11
     6
     0
     0
     0
     0
     0
     0
     0
   172
     0
     0
     7
    11
    32
     0
    12
     0
     0
     0
    10
    26
     0
     8
     0
     0
     0
     0
     0
     0
     0
     0
     0
   161
     7
     0
     0
     0
    72
     7
     0
    15
    10
    29
     6
    23
     8
    17
     0
     0
     7
     0
     0
     0
     0
     0
     0
   172
     7
     6
     8
     0
    67
     0
     0
     7
     0
     0
    34
    22
     7
    26
     0
     0
    11
     0
     0
     0
     0
     0
     0
   186
     0
     0
     0
    17
    89
     0
    14
     0
     0
     0
    39
    18
     6
    15
     0
     0
     8
     0
     0
     0
     0
     0
     0
   170
    15
     0
     8
     8
    86
     0
    11
    10
     0
     0
    31
    15
    41
    15
     0
     0
     0
     0
     0
     9
     0
     0
     0
    97
    59
     0
     9
    18
     9
     9
     0
    19
    50
     0
     6
     8
    29
    26
    17
     0
     0
     0
     0
     0
     0
    15
     0
    77
   110
     0
     0
     0
     0
    15
     0
    71
    65
     0
     0
    16
     8
    28
    26
     0
     0
     0
     0
     0
     0
    10
     0
   189
     7
     0
     0
    29
    49
     7
     6
     9
    27
     0
    34
    13
    31
     7
     0
     0
     0
     0
     0
     0
     0
     9
     0
   171
     8
     0
     7
     6
    91
     0
    10
     0
     6
    18
     9
    34
     0
    88
     7
     0
     0
     0
     0
     7
     0
     0
     0
   203
    16
     0
     0
     7
    84
     0
     0
     7
     7
     0
    42
    32
     0
    28
     0
     0
     0
     0
     0
     0
     0
     0
     0
   208
     0
     8
     0
     0
    86
     0
     0
     0
    15
     0
     0
    37
    16
    20
     0
     0
     0
     0
     0
     0
     0
     0
     0
   243
    13
    14
    10
     7
    56
     0
     0
     0
     0
    19
    53
     0
    33
    18
     0
     0
     0
     0
     9
    10
     0
     0
     0
    73
   133
     0
     0
     0
     9
     0
    25
    25
    43
     0
     0
     0
    55
    61
    16
     0
     0
     0
     9
     0
     0
     0
     0
   120
    68
     8
     0
    10
     0
    16
     8
    44
    87
     8
     6
     0
    23
    24
    28
     0
     0
     0
     0
     0
     8
     0
    10
   173
    10
     6
    15
     0
    81
     0
     0
     7
     0
     0
    16
     7
     9
    38
     0
     0
     0
     0
     0
     0
     0
     0
     7
   282
     8
     0
     0
     6
    95
     0
     0
     0
     6
     0
    17
     0
    15
    15
     0
     0
     0
     0
     8
     0
     0
    10
     0
   155
     0
     0
     0
     0
    60
     0
     0
     6
    14
    15
    34
    32
     0
    35
     0
     0
     0
     6
     0
     0
     0
     0
     0
   206
     0
     0
     8
     0
    50
     0
     0
     8
     7
    10
    29
    38
    10
    16
     0
     0
     0
     0
     0
     0
     9
     0
     0
   165
     0
    20
     7
     8
    51
    16
     0
     9
     9
     6
    34
    37
    13
    48
     0
     0
     0
     6
     6
    16
     6
     0
     0
   133
   143
    14
    17
     0
     0
     6
    10
    31
    74
     9
     9
    12
    14
    17
    26
     0
     0
     0
     0
     0
     0
     8
     0
    88
    77
    11
     7
     0
     0
     0
    19
    57
    58
     0
     0
     8
    17
    17
    36
     0
     6
     0
     0
     0
     0
     0
     0
   150
     7
     0
     0
     0
    93
     0
     7
     0
     0
     0
    14
    24
    29
     8
     0
     0
     0
     0
     0
     0
     0
     0
     0
   199
     0
     8
     0
     0
    66
     0
     0
     0
     8
     0
    37
    21
    41
    34
     0
     0
     0
     0
     0
     0
     0
     0
     0
   237
     0
     8
     0
     0
    68
     7
     8
    15
     7
     0
    29
    42
    24
     6
     0
     0
     7
     0
     0
     0
     8
     0
     0
   168
     9
     0
    17
     0
    68
     0
     0
     0
    21
     0
    33
    59
    22
    16
     0
     0
     0
     0
     0
     0
     0
     0
     0
   223
    10
     8
     0
     8
    19
     0
     0
     8
     6
     0
    78
    16
    27
    10
     0
     0
     0
     0
     0
     0
     0
     9
    20
   179
   136
     0
     0
    10
    11
     6
     9
    63
    32
     0
     8
    10
    10
    14
    31
     0
     0
    12
     0
     6
     0
     0
     8
   126
   102
    15
     0
     0
     0
    10
    11
    61
    88
     0
     0
    11
    13
    27
    21
     0
     0
     0
     0
     0
     0
     0
     0
   267
    17
    17
     0
     0
    84
     0
     0
    12
     0
     0
     8
    19
    22
    19
     0
     0
     0
     7
     0
     0
     0
     0
     0
   126
     0
     8
     0
     8
    28
     9
     0
     0
     7
     0
    16
    22
     8
    17
     0
     0
     0
     0
     0
     8
     0
     6
     0
   285
    19
     8
     0
     7
    74
     0
     6
     0
    29
     0
    47
    11
    25
    16
     0
     8
     0
     0
     0
     0
     0
     0
     9
   221
     0
    16
    15
    15
    39
     0
    12
     9
     7
    16
     8
    16
    45
    25
     0
     0
     0
     0
     0
     0
     0
     0
     0
   249
     0
    18
     0
     0
    50
     0
     6
     0
     9
     0
     6
    18
    19
     8
    10
     0
     0
     0
     8
     0
     0
     0
     7
    82
    76
     0
     9
     0
     6
    10
     0
    62
    30
     0
     6
     0
    18
    43
    41
     0
     0
    22
     0
     0
     0
     0
     0
   139
   130
    14
     0
     0
     0
    15
    11
    63
    49
    20
     6
     8
    34
    26
     6
     0
     0
     0
     0
     0
     0
     0
     0
   250
    18
     7
     0
     0
   121
     9
     8
    10
     7
     0
     6
     9
    44
     0
     0
     0
     0
     0
     0
     0
     0
     0
     0
   190
     0
     0
     0
    18
    64
    20
     9
     0
     0
    15
     0
    34
     9
    10
     0
     0
     0
     0
     0
     0
     0
     0
     0
   169
     0
    15
     9
     6
    46
     0
     0
     0
     0
     0
     0
    32
    25
     0
     0
     0
     0
     0
     9
     0
     0
     0
     0
   284
     8
     0
    17
     0
    41
     7
     0
     0
    13
     7
     9
     8
    28
     0
     0
     8
     0
     0
     8
     0
     0
     0
     0
   205
     0
    15
    21
     8
    77
     6
     7
     0
     0
     0
     8
    17
    19
    37
     0
     0
     6
     0
     9
     0
     0
     0
    10
   108
   104
     0
     0
     8
    29
    11
     0
    87
    44
     0
    11
    12
    26
     9
    17
     0
     0
     0
     0
     0
     0
     0
     0
   127
   118
     0
     8
     9
     0
     0
     9
    80
    45
     9
     9
     7
    18
    47
    11
     0
     0
     0
     0
     0
     9
     0
     0
   219
     0
     8
    17
     0
    76
     0
     8
     8
     8
     8
    36
     0
     6
    24
     0
     0
     0
     0
     0
     0
    11
     0
     9
   216
     0
     0
     0
     8
    15
     8
     7
     0
     0
     8
    16
    11
    19
    19
     9
     0
     0
     0
     0
     0
     0
     0
     0
   145
     8
     0
    12
     0
    92
     0
     0
     0
    16
     0
    55
     8
    54
    29
     0
     0
     0
     0
     0
     7
     0
     0
     0
   235
     0
     0
     0
     0
    52
    10
     0
     0
     0
     0
    11
     8
    30
    29
     0
     0
     0
     0
     0
     0
     0
     0
     0
   248
    25
     0
    12
     0
    67
     0
     0
     0
    10
     0
    26
    32
    13
    10
     0
     9
     7
     0
     0
     0
     0
     0
     0
   119
    85
     0
     6
     0
     7
     9
    10
    61
    96
     0
    31
     0
    51
    50
    23
     0
     0
     0
     0
    11
     0
     0
     0
   134
   115
    12
     0
    11
     0
     0
     7
    76
    65
     0
     8
     0
    41
    21
    10
     0
     0
     0
     0
     0
     0
     0
     0
   191
     0
    17
    27
    19
    69
    10
     0
     0
     7
    11
    17
    17
    17
     6
     0
     0
     0
     0
     0
     0
     0
     0
     0
   216
    10
     8
    16
     0
    56
     0
     6
     0
     0
     0
    15
    18
     8
    21
     0
     9
     7
     0
     0
     0
     0
     0
     0
   210
     0
     0
     0
     0
   104
     0
     0
     0
     6
    17
    29
     0
    29
    25
     0
     0
     0
     7
    10
     0
     0
     0
     0
   197
     0
     7
    11
     0
    70
     0
     0
     0
     9
     0
    19
    30
    33
     8
     0
     7
     0
     0
     0
     0
     0
     0
     0
   282
     0
     0
    13
    16
    63
     0
     0
    14
     0
     0
    14
    25
     7
    26
     0
     0
     8
     0
     0
     0
     7
     0
     8
   116
   132
     0
     0
     9
     0
     0
    11
    89
    97
     0
     0
     9
     8
    42
    32
     9
     0
     0
    10
     0
     0
     0
     0
   115
   109
     0
     0
     0
     0
     0
     9
    72
    45
     6
    25
    15
    16
    25
    28
     0
     0
     6
     0
     0
     0
     0
     6
   198
     9
    27
     0
    10
    81
     0
    17
     6
     0
     9
    19
     9
    28
    26
     0
     0
     0
     0
    11
     0
     0
     0
     9
   250
    11
     7
    15
     0
    83
    10
     0
     0
     0
     0
     6
     6
     9
    28
     0
     0
     0
     0
     0
     0
     0
     0
     0
   219
     0
     6
     0
     9
    66
     0
    16
    10
     0
     6
    54
    15
    50
     8
     0
     0
     0
     0
     0
     0
     0
     0
     0
   188
     9
     0
     9
     0
    81
     0
    14
     0
     9
    17
     8
    17
    32
    29
     0
     0
     0
     9
     0
     0
     0
     0
     0
   246
     0
     0
     0
     0
    77
     0
    18
     0
     0
    10
    40
     6
    17
    24
     0
    10
     0
     0
     0
     8
     0
     0
     9
    38
   114
     8
     7
    13
     7
    17
    17
    21
    74
     0
     0
     9
    25
     9
     7
     0
     8
     0
     0
     0
     0
     0
     9
    97
   100
     7
    10
     0
     8
    15
    15
    17
    61
    19
     8
    10
    23
    46
    33
     0
     0
     0
     0
     0
     0
     0
     0
   220
     7
     9
    15
     0
    42
     8
    13
    10
     0
     0
    15
    13
    45
    32
     0
     7
     0
     0
     0
     0
     0
     0
     0
   198
     7
     0
    19
     0
   102
     0
     0
     0
     7
     0
    29
    33
    10
    26
     7
     0
     0
     0
     0
     0
     0
     0
     7
   228
     0
     0
     0
     9
   115
     0
     0
     0
    19
     7
    13
    38
     8
    26
     0
     0
     0
    11
     0
     0
     0
     0
     0
   194
     8
    10
     0
    17
    69
     8
    11
     0
    19
     0
    38
     8
    41
    37
     0
     0
     0
     0
     0
     0
     7
     0
     0
   279
     0
    17
     0
     0
    69
     0
     0
     0
    16
     0
    27
    16
     0
    35
     0
     0
     0
     0
     0
     9
    16
    10
     7
   100
   149
     0
     9
     0
     8
    10
     0
    53
    49
     8
     0
    17
    41
    34
    20
     0
     0
     0
    12
     0
     0
    11
     0
   173
   161
     0
     8
     9
     9
     0
     0
    76
    42
     0
    16
     0
    11
    24
     8
     0
     0
     0
     0
     0
     0
     0
     0
   163
     0
     6
     8
    14
    51
     8
     0
     0
     0
     6
    26
    43
    33
    31
     0
     0
