   10
     0
     0
     0
     0
     0
     0
   332
    10
     0
     8
     0
   177
     0
     6
     0
     9
     6
    36
    17
    10
    77
     0
     0
     0
     0
     8
     0
     0
     0
     0
   442
     8
     0
     6
     8
   136
     8
    26
     8
     0
     7
    15
    47
    46
    69
     0
     0
     0
     0
     0
     0
     9
     0
     0
   376
    27
     7
    27
     0
   148
    11
    19
     8
     6
     7
    12
    14
    18
    17
     0
     0
     0
     0
     0
     0
     0
     0
     0
   306
     0
     8
    15
    10
    86
     8
     6
    31
     9
     7
    36
    30
    52
    14
     6
     0
    12
    11
     0
     0
     0
     0
     0
   419
     0
    10
     0
    20
    72
     8
    18
     9
     6
     0
    76
    71
    39
    49
    12
    10
     0
    17
     0
     0
    10
    10
     0
   229
   178
     7
    16
    10
     7
     9
     0
    80
   111
    16
    22
     0
    54
    33
    31
     0
     8
     9
     9
     0
     0
     7
     0
   227
   254
     0
    21
     9
    14
    27
     6
    74
   127
     0
     8
    17
    16
    77
    36
     0
     0
     0
     0
     0
     0
     0
     0
   326
     9
     9
     6
     0
    82
     0
     0
     0
     0
     0
    39
    66
    36
    61
     0
     0
     0
     0
     0
     0
     0
     0
     0
   424
    10
     8
     0
     9
   118
    21
     0
    11
    18
     0
    55
    22
    63
     8
     0
     0
     0
     0
     0
     0
     0
     0
     0
   366
    25
     0
    10
    17
   142
     8
    11
     0
     8
     0
    44
    23
    24
    25
     0
     0
     0
     0
     0
     0
     0
     0
     0
   268
     7
    16
     7
     6
    79
     0
    18
    20
    15
    21
     0
    54
    19
    68
     9
     8
     0
     0
     0
     0
     0
     0
     0
   337
     0
     0
    17
     0
   122
    25
    10
     0
    23
     0
    50
    48
    63
    39
     0
     0
    10
     0
     0
     0
     0
     9
     8
   193
   289
    32
     7
     0
    35
     0
     9
   136
   128
     0
    19
    33
    40
    49
    59
    15
     9
     0
     7
    11
     0
     0
    17
   135
   144
    21
     0
    24
     9
    15
    22
    58
   115
     0
     0
     0
    61
    31
    28
    11
     9
     0
     0
     0
     9
     6
     7
   245
    18
     0
     0
     0
   102
     9
     0
    28
     0
     7
    38
    29
    55
    14
     0
     0
     0
     0
     0
     6
    12
     0
     0
   335
     7
     0
     7
     8
    81
     8
    26
     0
     0
     0
     0
    69
    24
    44
     0
     0
     0
     0
     0
     8
     0
     9
     0
   440
     0
    16
     8
    10
    74
     0
     0
     6
     0
    15
    43
    55
    29
    57
     0
     6
     0
     0
     0
     0
     0
     0
     9
   328
     0
    24
     8
     0
    85
     0
     0
     9
    11
    11
    60
    17
    38
     7
     0
     0
     0
     0
     0
     0
     0
     0
     0
   300
     8
     0
     0
    17
    90
     9
    21
    15
    17
     0
    36
    62
    38
    36
     0
     9
     0
     0
    11
     7
     0
     6
     0
   266
   177
     6
    10
    18
    26
     8
     0
   153
    89
     0
     0
     8
    35
    50
    48
     0
     7
     8
     0
    12
     0
    18
     0
   159
   186
    46
    25
     0
    11
     7
     9
   113
    89
     0
     9
     9
    37
    34
    50
     0
     0
     0
     0
     0
     9
     0
     0
   360
     0
     0
     8
     0
   186
     0
    12
     9
     7
     8
    41
    40
     7
    26
     0
     0
     0
     0
     0
     0
     0
     0
     9
   275
    26
     6
     0
    11
   113
     0
    20
    10
     0
    16
    34
    34
    22
    48
     0
     0
     0
     0
     0
     9
     0
     0
     0
   458
     0
    16
    15
     0
   144
     0
     0
     8
     9
     0
    36
    42
    17
    39
     0
     0
     0
     8
     6
    12
     0
     0
     0
   298
    31
    10
    17
    12
   125
    17
    19
     0
    12
    13
    21
    25
    23
    81
     0
     0
     9
     8
     0
     0
     0
     0
     0
   391
    14
    10
    22
     0
   166
     7
     0
     0
    24
    16
    41
    24
    49
    20
     0
     0
     7
     0
     0
     0
     0
     0
    10
   184
   163
    35
    13
     0
    28
    14
    22
    56
    59
     8
     6
    25
    57
    43
    18
     7
     7
     7
    14
     9
     0
     9
     7
   178
   213
    16
    10
     0
    27
     0
     6
   109
    70
     0
    17
     6
    56
    61
    28
     8
     0
     8
     0
     8
     0
     0
     9
   398
    16
     9
     0
     0
   110
     0
     0
    11
    11
     0
    43
    31
    58
    19
     0
     0
     0
     0
     0
     6
     0
     0
     0
   331
     0
    12
     6
     0
   120
    17
     0
     0
     0
     0
    23
    55
    15
     9
     0
    17
     0
     0
     0
     0
     0
     0
     0
   327
     9
    16
     0
    18
   134
     6
     0
     0
     0
     0
    33
    31
    42
    24
     7
     0
     0
     0
     7
     0
     0
     8
     0
   381
    16
     0
    23
     0
   125
    18
    12
    16
     0
    25
    32
    19
    15
    23
     0
     0
     0
     0
     0
     0
     0
     0
     0
   348
     0
    19
    10
     9
   175
     0
     9
     8
     7
     7
    61
    53
    65
    28
     0
     6
     0
     0
    11
     0
     0
    10
     0
   243
   277
    17
    24
    16
     0
    13
    25
   120
    99
    12
    13
    18
    10
    34
    93
    19
    10
    17
     0
     0
    19
    10
     0
   165
   152
     0
     6
    23
     0
     9
    20
    81
   114
     0
    22
     9
     7
    23
    20
     0
     0
     0
     0
     8
     7
     9
     0
   366
     0
    17
     8
     9
    74
     9
    27
     8
    21
     9
    49
    37
    23
    55
     0
     9
    15
     0
     0
     0
     0
     0
     0
   414
     0
     9
    18
     9
   126
     0
     7
     0
    17
     8
    39
    47
    24
    17
     0
     0
     0
     0
     7
     0
    10
     8
     0
   347
    10
    15
    16
    13
    91
    19
     0
     6
     0
     9
    89
    28
    50
    34
     0
     0
     0
     0
     0
     0
     0
     0
     0
   433
    20
    22
    15
    21
    62
     9
    16
     0
    40
    10
    32
    22
    36
    21
     0
     9
     0
     0
     0
     0
     0
     0
     0
   376
    16
    17
     0
     0
    81
    10
    19
     7
     9
     0
    49
    22
    16
    67
     0
     0
     0
    11
     0
     0
     0
    11
    10
   245
   189
    18
    14
     0
     0
    10
    10
   118
   102
     0
     0
    16
    58
    42
    33
     6
     0
     0
     9
     0
     7
    17
     8
   262
   266
     8
     9
     0
     9
    24
     0
   134
   163
     0
     0
     7
    45
    32
    55
     0
     9
     0
     0
     9
     0
     0
     0
   411
    27
    44
     0
    10
   101
     0
     0
     0
    20
    16
    66
    38
    51
    14
     0
     0
     0
     6
     0
     0
     0
     0
     0
   407
    25
     7
    10
     8
   130
    16
    48
    32
     0
    13
    30
    56
    26
    47
     7
     0
     0
     0
     0
    20
     0
     0
    12
   366
     0
    12
     8
     6
   107
     7
    23
    18
     7
     9
     7
     9
    73
    46
     0
     0
    10
     0
    12
     6
     0
     0
     0
   297
     7
    17
     0
     9
   175
    13
     0
     0
    27
     7
    58
    58
    23
    44
     0
     0
     0
     0
     0
     0
     0
     0
     9
   354
     0
     0
     0
    18
   118
     6
    24
     8
     7
    28
    23
    27
    65
    40
     0
     0
     0
     0
     0
     8
     6
     7
     0
   214
   271
     7
    10
     8
    14
     9
    14
   119
    67
     0
     0
    21
    84
    41
    45
     0
    19
     9
     0
     0
    18
    14
     9
   264
   216
    20
    31
    17
    27
     0
     8
   119
   112
     8
    17
     8
    65
    33
    27
     0
     8
     0
     0
     0
     8
     0
     0
   410
     8
     0
    10
     7
   113
    16
     0
     8
    11
     0
     8
    76
    53
     7
     0
     0
    15
     0
     0
     0
     0
     0
     0
   377
     0
     0
     0
     0
   133
    27
    16
     8
    15
     0
    57
    15
    31
    23
     8
     7
     0
     0
     6
     0
     0
     0
     0
   462
    10
    10
     9
    15
    86
     7
    14
     0
     9
    39
    44
    25
    54
    29
     0
     9
     0
     0
     0
     0
     0
     0
     0
   369
     0
     9
     0
     0
    65
    16
     0
    25
     9
    15
    54
    48
    38
    46
     0
     6
     0
     0
     0
    11
     0
    18
     0
   391
    15
     9
    22
    36
    95
     7
    14
     0
     6
    13
    50
    24
    47
    63
     0
     8
     0
     0
    11
     0
     7
     8
     0
   220
   180
    23
    31
     0
     7
     0
    12
    65
   105
    11
    20
    28
    52
    48
    46
     0
     7
     0
     9
    12
     0
     9
    10
   120
   164
     8
    25
    16
    15
     7
     0
   126
   103
    10
    15
    11
    53
    58
    48
     0
     0
     8
     0
     0
     0
     0
     0
   322
     7
    20
     0
    13
   162
     9
     0
     0
     6
    17
    39
    43
    38
     0
     9
     0
     0
     0
     0
     0
     0
     6
     0
   513
     8
    10
    16
    10
    71
     7
    18
     0
    11
     7
    51
    27
    35
    14
     0
     0
     0
     0
     0
     8
     0
     0
     7
   435
    24
    43
     0
     0
   119
    10
     0
     8
    16
     0
    37
    25
    15
    43
     0
     0
     0
     0
     0
     0
     0
     0
     0
   348
     0
     9
     8
     0
   102
     7
     8
     0
     0
    17
     0
    21
    46
    54
     0
     0
     0
     0
     0
     0
     8
     0
     0
   354
     0
     6
    15
    28
   104
    17
    22
     7
     0
     7
    26
    37
    70
    35
     0
     0
    10
     0
     0
     0
     0
    18
     0
   183
   189
     0
     0
    20
     6
    18
     0
    64
    94
     0
     8
     0
    74
    59
    49
     0
    12
     0
    10
     0
     0
     0
     8
   223
   187
    33
    28
     9
     7
    15
    22
    63
   130
    17
     0
    27
    35
     7
    19
     0
     0
     0
     0
     0
     0
     0
     0
   341
     0
     0
     6
     0
   102
    10
     0
    18
     0
     9
    57
    57
    26
    35
     0
     0
     0
     7
    11
     0
     0
     0
     8
   456
     0
     0
    31
     0
    90
     0
    26
     7
    26
    17
    31
    24
    21
    49
     0
     0
     0
     0
     6
     0
     0
     0
     0
   371
     0
    18
    26
     8
    84
     0
    16
     0
     0
     9
    37
    24
    51
    36
     0
     0
     0
     0
    10
     0
     0
     0
    16
   368
     8
     8
     0
    14
    97
    21
     0
     0
     0
     0
    50
    41
    24
    53
     0
     0
     0
     0
     0
     7
     0
     0
     0
   374
    21
     6
    18
     0
   130
    10
     9
     8
     8
    16
    46
    41
    24
    15
     7
     0
     0
     0
     0
     0
    12
     0
     0
   171
   176
     6
     0
     7
    36
     0
     8
   118
   126
    11
     6
     7
    41
    37
   106
     0
     0
     0
     7
     0
     9
     0
     9
   246
   213
     7
     0
     8
    22
    22
    27
   102
    90
     0
    17
    11
    43
    16
    31
     0
     0
     0
    17
     7
     0
     0
     0
   448
    15
     8
    21
     0
   105
     9
    29
     0
    11
     0
    33
     9
    68
     7
     0
     6
     8
     0
     0
    19
     0
     0
     0
   335
    23
     0
     9
     0
   128
     0
     0
     0
    15
    17
    18
    54
    45
    20
     0
     0
     0
     0
     0
     0
     0
     0
     0
   372
     8
     0
    17
    17
    86
    19
    22
    11
    30
     0
    21
    51
    39
    44
     0
     0
     0
     0
     0
    11
    11
     0
     0
   358
    11
     0
     0
     8
    88
     9
    11
    21
    16
     9
    33
    51
    33
    24
     0
     9
     0
     0
    17
     0
     8
     0
     0
   391
     0
     0
    10
     0
    92
     6
     9
    17
     8
     0
    40
     9
    54
    11
     0
     0
     9
     9
     0
     0
    18
     0
     0
   174
   184
    14
    27
     9
    30
    13
    18
   110
   143
     7
     7
    18
    66
    81
    25
    17
    26
     0
     0
     0
     0
     6
    15
   253
   230
     0
    18
    27
     8
     0
     8
   142
    90
    20
     9
     7
    61
    34
    54
     0
     0
     0
     0
     9
     0
     0
     0
   401
    19
     8
     0
    17
    97
    25
     0
    30
     8
     0
    53
    55
    23
    50
     0
     7
     7
     0
     0
     0
     0
     0
     0
   308
     7
     8
     0
     0
   128
     0
     0
     8
     6
    23
    34
    79
    49
    68
     0
     0
     7
     0
    10
     8
     0
     0
     0
   383
    12
    16
     7
     0
   178
     0
     7
     7
     8
     8
    27
     6
    78
    46
     0
    15
     0
     0
    11
     0
     0
     0
     0
   488
    13
     0
     0
     0
   113
     7
    23
     0
    16
     0
    25
    15
    16
    47
     0
     0
     0
     0
     0
     0
     0
    17
     0
   290
    17
    20
    18
     7
   106
     7
     0
    22
     6
    17
    23
    39
    25
    32
     0
     0
     0
     0
    11
     8
     0
    21
     0
   182
   221
     6
    23
     0
    14
     0
     0
   124
   136
     9
    34
    16
    48
    54
    22
    14
     8
     0
     8
     0
     6
     0
     0
   252
   238
    24
     0
     6
    25
    28
    16
    91
   118
     9
     9
     0
    54
    48
    64
     0
     0
     0
     9
     0
     0
     0
     0
   349
     0
     0
     0
    27
   123
    16
     7
    10
    16
     0
    40
    31
    31
    28
     0
     0
     0
     0
     0
     0
     0
     0
     7
   377
     7
     0
    21
     6
   132
     0
    12
     0
    10
    18
    65
     8
    26
    47
    11
     0
    10
     0
     0
     0
     0
     0
    10
   417
    29
    18
    18
     0
   181
     6
     6
    16
     8
     8
    35
    54
    20
    74
     0
     0
     0
     6
     8
     0
    18
     0
     0
   268
     0
     0
    22
    11
   135
     0
    11
     0
    17
    31
    34
    87
    43
    33
     0
     7
     0
     0
     0
     0
     0
     0
    20
   348
     7
     8
     7
    16
   147
     0
     7
    18
     0
     0
    19
    54
    69
    44
     6
    10
     0
    16
     0
     0
     0
     7
     7
   157
   236
     7
    13
     0
     7
    19
     8
   113
   129
    14
    13
     7
    57
    80
    31
    16
     0
     0
     7
     7
    15
    16
     0
   145
   180
     7
     0
     7
     0
     0
     0
   130
    77
     0
    16
    30
    66
    55
    45
     0
     0
     0
     8
     0
     0
     0
    11
   407
     0
     9
     0
    15
   170
     8
     0
    26
    18
    18
    26
    39
    56
    38
     0
     0
     0
     0
    10
     0
    11
     0
     0
   437
     0
    16
     0
     0
   137
     0
     0
    15
     0
     6
    22
    26
    13
    27
     8
     0
     0
     0
     0
     0
     6
     0
     0
   291
    17
     8
     7
     9
    69
    12
     8
     9
    11
    10
    70
    65
    46
    59
     0
     0
     0
     0
    10
     0
     0
     0
     8
   270
    15
     9
     0
     7
   108
     0
    17
     0
     0
    22
    20
    15
    55
    33
     0
     0
     0
     8
    12
     0
     0
     0
     9
   339
    29
     9
     9
    18
   117
     0
     0
     8
     7
     7
    43
    43
    48
    32
     0
     0
     0
     0
    18
     0
     0
     7
     0
   136
   195
     8
     8
     8
    17
     0
     0
   154
    66
    16
    10
    29
    42
     8
    32
     0
     0
     0
     0
     0
     0
     0
     0
   239
   187
     0
    11
     0
    18
    10
     8
    85
   109
     0
     0
     0
    82
    12
    22
     0
     0
     0
     0
     0
     0
     0
     9
   401
     9
    19
     0
    19
   150
    14
     0
    19
    17
    16
    59
    31
    37
    16
     0
     0
     0
     0
     0
     0
     0
     0
     0
   317
    22
    33
    18
     7
   120
     7
     0
     0
    47
     0
    52
    37
    52
    22
     0
     0
     0
     0
     0
     0
     0
     0
     0
   423
     8
     0
    10
     6
   109
     0
     0
    20
     8
    14
    28
    16
    27
    40
     9
     0
     0
     0
     0
     0
     0
     0
     0
   394
     6
     7
    20
     7
    69
    17
     9
    10
     0
     9
    35
     7
    84
    43
     0
     0
     8
     0
     0
     0
     0
     0
     0
   321
     8
    14
     8
    18
   116
     0
    29
    10
     7
     7
     7
    28
    10
    16
     7
     0
     0
     0
     9
     0
     9
     9
     0
   177
   245
     0
    11
    18
     8
     8
     0
   141
    93
    14
     9
     9
    72
    12
    19
     0
     0
    12
     8
     0
     0
    21
     8
   165
   170
     7
     0
     8
    18
     0
     0
   135
    47
     9
    13
    15
    38
    69
    63
     0
     0
     0
     7
     0
     0
     7
    11
   398
    26
     8
     0
     7
   103
     0
     6
    20
     0
     0
    19
    53
    37
    44
     0
    14
     0
     0
     0
     0
     0
     0
     0
   469
     8
    12
     0
    26
   116
    15
    15
     0
     0
    10
    23
    38
    56
    23
    11
     6
     0
     0
     0
     0
     0
     0
     0
   391
    10
     0
     0
    10
   161
    17
    17
    11
     0
     0
    55
    24
    14
    46
     0
     0
     0
     0
     0
     0
    13
     0
    14
   381
    21
    16
    30
    14
    90
    19
     6
     0
     8
     0
    48
    31
     7
     9
     0
     9
     0
    11
     0
     0
     0
     0
     0
   391
     0
     7
     0
     8
    82
     9
     6
     6
     7
     7
    18
    24
    34
    30
     0
    11
    10
     0
     0
    11
     0
     0
     0
   202
   266
    16
     7
    17
     9
     8
    19
    91
    80
    11
    34
    21
    14
    45
    44
     0
     0
     0
     0
     9
     7
     0
     0
   185
   184
     8
     8
     9
    22
    11
     8
   101
    80
     9
    15
     0
    59
    34
    35
     0
     0
     0
     0
     0
     0
     0
     9
   371
     0
     6
     0
    11
   166
     7
    19
    36
     7
    15
    41
    18
    38
    12
    10
     0
    14
     0
    10
     0
     0
     0
     0
   391
    27
    22
     9
    34
   155
    33
     0
     9
     0
     6
    17
    22
    23
    53
     0
     0
     9
     0
     0
     0
     0
     0
     0
   431
     0
    17
     0
    26
    89
    25
     6
     8
     0
    16
     7
    58
    18
     7
     0
     0
     0
     0
     0
     0
     0
     8
     0
   385
    11
     8
    18
     0
   112
     0
     0
    14
     7
     6
    31
    22
    57
    40
     0
     0
     0
     0
     0
     0
     0
     0
     9
   371
     0
     0
    10
     0
   121
     7
    11
     6
     7
     7
    33
     9
    46
    32
     0
     0
     0
     7
     0
     8
     0
     0
     0
   174
   213
     9
     0
     0
    33
    15
    18
    57
    88
     8
    31
     8
    25
    24
    41
     0
     0
     0
     7
     0
     0
     0
     0
   275
   162
     0
    10
    33
     0
     0
    16
   101
    93
    39
     0
     6
     6
    28
    49
     9
     0
     0
     0
     0
    10
     0
    14
   303
     7
     0
    17
     8
   120
    18
     0
     0
     0
     0
    33
    16
     0
    18
     0
     0
     8
     0
     0
     0
     8
     0
     7
   398
     0
    27
     0
    18
   137
     0
    11
     0
    15
     0
    33
    35
    24
    25
     0
     0
     0
     0
    24
     0
     0
    15
     7
   375
     9
    11
    32
    23
    84
     0
     6
    10
     0
    26
    32
    29
    71
    71
     8
     0
     0
     0
     0
     0
     0
     0
     0
   385
    10
     7
    10
    22
   103
    17
     0
     0
     0
    15
    60
    43
    24
    51
     0
     0
     0
     0
     0
     0
     7
     0
     0
   261
     6
    18
     0
    10
   122
     0
    17
     9
     0
    13
    48
    34
    74
     0
     0
     0
     0
     0
    13
     0
     0
     0
    12
   239
   245
    27
     0
     0
    11
     9
     6
    82
   101
     8
    26
    16
    60
    47
    32
     0
     0
     8
    11
     0
     8
     0
     0
   234
   142
     0
    10
     0
     8
     0
    17
   123
    76
    16
    18
    19
    80
    57
    38
     0
     0
     0
     0
     0
    12
    10
     0
   343
     0
    25
     9
     6
   152
     0
     8
     0
    14
     0
    16
    33
    27
    21
     0
     0
     0
     0
     0
     8
     0
     0
     0
   360
     0
    20
    20
     9
   136
     6
     7
     7
    28
    25
    43
    26
    17
    50
     0
     0
     0
     0
     0
     0
     0
     0
     0
   316
    12
    34
     9
     7
   116
    13
    13
     0
    16
     0
    42
    34
    33
    20
     0
     0
     0
     0
     0
     0
    18
     0
     0
   331
    28
     0
     8
     0
   104
     0
    10
    14
     8
    14
    25
    52
    14
    32
     0
     0
     0
    12
     0
     0
     0
     8
     0
   293
    16
    25
    14
    10
   139
    26
     0
     0
     0
     6
    35
    31
    41
    49
     0
     7
     0
    11
     0
    10
     0
     0
     0
   211
   184
     7
     0
     0
    11
     7
     8
   120
   142
     0
     0
     8
    22
    46
    43
     0
     0
     0
     8
     0
     9
     0
     0
   199
   192
     0
     0
    16
    15
     0
     0
    84
   129
    27
    12
    35
    40
    47
    78
     0
     7
     0
     0
     0
     7
     0
     0
   405
     8
    16
     0
     0
    76
    19
    11
     0
     0
    20
    53
    27
    19
    49
     0
     0
    12
     0
     0
     0
     0
     0
     7
   454
    25
     7
     0
    17
    93
     8
     0
    26
    11
     8
    59
    18
    24
    24
     0
     8
     0
     0
     0
     6
     7
     6
    15
   293
    13
     0
     0
    11
   105
     0
     9
     9
    10
    16
     0
    25
    39
    35
     0
     0
     0
     0
     0
     8
     0
     0
     9
   356
     0
    19
    13
     0
   115
     6
    16
    30
     0
     8
    50
    22
    30
    23
     8
     0
     0
     0
     0
     8
     0
     0
     0
   339
     7
     0
     0
     0
    95
     0
     6
     0
     6
     6
    74
    44
    41
    41
     0
    10
     7
     0
     0
     0
     0
     0
     0
   175
   233
     0
     0
     0
     8
     0
    10
   109
    57
     0
    15
    29
    34
    26
    69
     0
     8
     0
     0
     0
    25
     0
     0
   186
   154
     6
    11
    26
    11
    13
     0
    84
    69
     0
     9
    15
    26
    33
    33
     0
    11
     0
     0
     0
     0
     8
     0
   269
     0
    16
    15
     0
    89
    18
     7
     0
     0
    21
    45
    30
    30
    25
     0
     0
     9
    10
     0
     0
     0
     7
     0
   426
     6
     0
     0
    10
    83
     0
    13
     0
     0
     0
    46
    58
    39
    25
     0
     0
     0
     0
     9
     0
     7
     0
    10
   423
     7
     0
    15
     0
    98
    13
    18
    21
    12
     0
    58
    32
    17
    15
     0
     0
     9
     0
     0
     0
     0
     0
     0
   416
    11
     0
     0
    10
   121
     6
     6
     7
     6
     0
    10
    65
    11
    31
     0
     8
     0
     0
    24
     8
     0
     0
     0
   269
     0
     8
    17
    16
   106
     7
     8
     7
     0
     6
    42
    38
    16
    14
     0
     0
     0
     6
     7
     0
     9
     0
     0
   212
   107
     0
    10
    19
     0
     0
     8
    79
    86
    17
     7
     7
    30
    23
    42
    12
     0
     0
    16
     0
     7
     8
     0
   183
   237
    12
     0
    31
    18
     9
    19
   109
   154
    26
     0
     0
    42
    20
    26
     0
     0
     8
     0
     0
     0
     0
     0
   310
    14
     7
     0
    23
   130
    10
     9
     9
    17
     0
    20
    30
    34
    52
     0
     0
     8
     7
     0
     0
     0
     0
     0
   272
     0
     0
     8
     0
   145
    23
    12
     0
     0
     0
    64
    41
    15
    54
     0
     0
     0
     0
     0
     0
     0
     0
     0
   384
     8
     7
     0
    17
    67
     0
    13
    23
     7
     0
    11
    16
    47
    44
    10
     0
     0
     0
     0
     0
     0
     0
     0
   271
     0
     6
     0
     0
   116
     0
     0
     0
     0
     0
    18
    38
    32
    26
     0
     0
     0
     0
     0
     0
     0
     0
     0
   357
     0
    26
     0
     0
   135
     8
    12
     0
    16
     0
    20
    30
    41
    15
     0
     0
     0
     9
     0
     0
     0
     0
     0
   140
   139
     0
    10
    13
     8
    21
     0
    28
   120
    17
    10
    16
    40
     9
    52
     0
     0
     0
     0
     0
    25
     0
     0
   189
   250
     9
     8
     6
     0
     8
     0
    73
   107
    18
     0
    19
    15
    33
    54
     0
     0
     0
     6
     0
     8
     0
     0
   356
     9
     0
    22
     0
   113
    21
     0
     8
     7
    39
    42
    25
    33
    42
     8
     0
     0
     0
     0
     0
     0
     8
     6
   343
     7
     9
    16
     0
   138
     0
     0
     0
     7
    17
    18
    45
    47
    38
     0
     0
    11
     0
     0
     0
    11
     0
     0
   251
    10
     0
     8
     0
   104
     7
    17
     0
     9
     0
    55
    16
    67
    21
     0
     0
     0
     0
     0
     0
     0
     0
     8
   278
     0
     7
     0
     0
   129
     0
     9
    22
     0
     0
    27
    33
    53
    48
     0
     0
     0
     0
     0
     0
     6
     0
     0
   397
     0
    18
     6
    25
    98
     6
     0
     0
     0
    19
    14
     9
    14
    22
     0
    14
     0
     0
     0
     7
     0
     0
     0
   252
   152
    26
     0
    16
     9
     0
    32
    41
    78
     8
    10
    11
    59
    17
    17
     9
     0
     0
     9
     0
     0
     0
     0
   188
   186
    17
     0
     0
     0
     0
     6
    67
    87
     0
     0
     0
    46
    20
     9
     0
     0
     0
     0
     0
     0
     0
    11
   253
     8
    17
     0
     6
   154
    10
     0
    24
     7
    14
    18
    54
    16
    35
     0
     0
     0
     0
     0
     0
     0
     0
     0
   362
     8
     0
     0
    15
   122
     7
    12
     0
    21
     0
    43
    73
    26
    40
    11
     0
     9
     8
     0
     0
     0
     0
     0
   285
     6
     0
     6
     0
   152
     9
     9
    15
     7
     6
    10
    41
    13
    42
     0
     0
     8
     0
     0
     7
     0
     0
     0
   254
     6
     0
    12
     8
    58
     0
     7
     6
     0
    10
    45
    16
    28
     0
     0
     0
     0
     7
     0
     0
     0
     9
     0
   330
     0
     0
    10
    27
    95
    16
     0
     0
     8
     9
    36
    32
    49
    22
    16
     0
     0
     0
     6
     0
     0
     0
    11
   237
   218
    13
    10
    19
     8
     7
     0
    73
    70
     0
    17
    26
    55
    43
    35
     0
     0
     0
     6
     0
     0
     0
     7
   189
   163
     0
     0
     9
     7
     0
     0
    53
    58
    39
     7
     0
    51
     8
    38
     0
     0
     0
     0
     0
     0
     0
     0
   312
     0
    16
    12
    27
   111
    18
    15
    18
     0
     8
    43
    16
     6
    48
     8
     0
     0
     0
     0
     0
     0
     0
     0
   338
     7
    24
    30
     9
   150
    14
     8
     0
     0
    23
    30
    39
     8
    43
     0
     0
     0
     0
     0
     0
     0
     0
     0
   359
     0
     0
    20
     8
   117
     0
     9
    18
     8
     0
    17
    10
    23
    41
     0
     0
    12
     0
     0
     0
     0
     7
     0
   349
    19
     0
    14
    16
   110
     8
     0
    15
     0
     8
    18
     7
    40
    40
     0
    10
     0
     0
     0
     0
     0
     0
     0
   350
    12
     0
     0
     8
    98
    21
     6
     0
    12
    35
    24
    24
    24
    82
     7
     0
     9
     0
     0
     0
     0
     6
     6
   178
   140
     0
    10
     0
    20
     0
    10
    79
    84
    32
     0
     0
     0
    35
    10
     7
    11
    18
    18
     0
     0
     0
    10
   169
   176
     0
     9
     7
    24
    18
    20
    78
   137
     0
    20
    18
    25
    26
    11
     0
     0
     0
     0
     0
     0
     0
     0
   351
     0
     7
    18
    30
   125
     0
     0
    16
    12
    15
    36
    47
    31
    23
     0
     0
     0
     0
     0
     0
     0
     0
     0
   322
     7
    12
     0
     7
   121
     7
    10
     9
    12
     8
    24
    33
    45
    34
     0
     0
     0
     0
     0
     7
     0
     0
     0
   358
     9
     7
    18
     0
    40
     0
     0
     7
    24
     0
    25
    81
    31
    12
     0
     0
     0
     0
     0
     0
     0
     0
     0
   339
     0
     0
     7
    18
   144
     0
    10
     6
    15
     0
    28
     7
    29
    40
     0
     6
     0
     0
     0
     0
     0
     0
     0
   188
     0
     7
     9
     0
    98
     0
     9
     0
     0
    26
    15
    45
    16
    37
     0
     8
     0
     9
     0
     6
     0
     8
     0
   236
   142
     0
     0
     0
     9
    15
    16
   118
    81
     6
    12
     0
    55
    46
    28
     0
    12
     0
    11
     0
     0
     0
     0
   152
   266
     0
    10
     0
     8
    15
     8
    76
   109
     9
    16
     6
    62
    22
    32
     0
     0
     0
     0
     0
     0
     0
    11
   325
    10
    37
     0
     9
   147
     8
     0
     0
     0
     8
    37
    51
    28
    51
     0
     8
     0
     0
     0
     0
     0
     0
     9
   271
    21
     0
     6
    11
   100
    11
     0
    17
     0
     6
    39
    37
    41
    25
     0
     0
     0
     0
     0
     0
     0
     8
     0
   334
    14
    11
     0
     0
    79
     0
    11
     0
     9
    18
    40
    16
    29
    43
     0
     0
     0
     0
     0
     9
     0
     0
     0
   306
     0
    10
    19
     8
    90
     7
     0
     0
     0
    16
    36
    34
    22
    44
     0
     9
     0
     0
     0
     0
     0
     0
     0
   389
     0
    18
     0
     9
    78
    15
     7
    17
     7
     9
    26
     0
     6
    34
    19
     6
     7
     0
     7
     0
     0
     8
     0
   136
   177
     7
    20
     0
     0
    25
     0
   145
   115
     0
    25
    17
    46
    36
    33
     9
     0
     0
     0
     0
     0
     0
     0
   171
   156
    18
     6
    30
     8
     0
     0
   116
   108
    20
    19
     0
     0
     7
    54
     0
     0
     0
     0
     0
     0
     0
     0
   288
     8
     0
     9
    16
    76
     0
    12
     0
     0
     0
    37
    47
     8
    21
     0
     0
     0
     0
     0
     0
     0
     0
     0
   367
     0
     6
    11
     0
   112
    16
     0
     0
     8
     0
    26
    21
     8
    37
     0
     0
     0
     0
     0
     0
     0
     0
     0
   293
     9
     0
     0
     7
   101
    10
     7
     0
     0
    24
    25
    21
    24
    23
     0
     6
     0
     0
     0
     0
     0
     0
     0
   256
     7
     7
     6
     9
   105
    10
     8
    15
    22
     7
    51
    28
    36
    67
     0
     0
     0
     0
     0
     0
    11
     0
     0
   295
     9
     8
    10
     9
   112
     9
     0
    21
     0
     8
    27
    25
    32
    20
     0
    19
     0
     0
     0
     0
     9
     0
     8
   260
   214
     6
     0
     9
     9
     0
    24
    51
    49
    18
     0
    16
    29
    30
    23
     0
     0
     0
     0
     0
     0
     0
     0
   160
   214
     9
    19
     8
    16
     6
    24
    81
   127
    20
     8
     0
    63
    25
    45
     0
     7
     0
     9
     0
    10
     0
     0
   275
     0
     8
     8
     0
    35
    17
    10
    17
     7
    16
    18
    73
    50
    61
     0
     0
     7
     0
     0
     0
     0
     0
     0
   287
    10
     7
     0
     7
   106
    10
     6
     8
     0
     6
    33
    36
    39
    23
     0
     0
     0
     6
     0
     0
     0
     0
     0
   226
    26
    20
    13
    22
   105
     8
    13
     8
     0
     0
    26
    65
    31
    37
     0
     0
     8
     0
     0
     0
     0
    10
     0
   394
     0
     8
    12
     7
    85
     7
    21
     9
     7
     7
    76
    46
    34
    24
     0
     0
     0
     0
     0
     0
     0
     0
     0
   302
    26
     9
     6
     0
   109
     0
    17
    26
     6
     0
    54
    49
    24
    32
     8
     0
     9
     0
     0
     0
     0
     8
     0
   202
   145
     0
    10
     8
    18
     0
     0
    30
   124
     8
     0
    16
    25
    44
    17
     0
     7
     0
     0
     8
     0
     0
     0
   147
   143
     9
     0
    16
     0
     8
    10
    76
    81
     8
     0
     0
    23
    24
    66
     0
     0
     0
     0
     8
     0
     0
     0
   228
     0
     0
     0
     8
    51
     0
    16
    21
    11
     0
     8
     6
    39
    34
     0
     0
     0
     0
     7
     0
     0
     0
     0
   333
    20
    11
     7
     0
    74
     0
     6
     0
    17
    17
    20
    57
    39
    57
     0
     0
     0
     0
     0
     0
     0
     0
     9
   376
     0
     7
     0
     8
   112
     8
     0
     0
     0
    34
    56
    41
    24
    44
     0
     0
     0
     0
     0
     0
     0
     0
     0
   260
    16
    18
     0
     0
   116
     8
     7
     0
    22
     0
    77
    34
    64
    37
     0
     0
     0
     0
    11
     0
    18
     0
     0
   247
     9
    23
     0
     0
    91
    23
     8
     7
     8
    20
    34
    44
    49
    18
     0
     0
     6
     0
     0
     0
     0
     0
    14
   168
   253
     7
     9
    14
    11
     0
    28
    70
    95
     7
     0
     6
    41
    66
    37
     0
     0
     6
     0
     0
     7
     0
     9
   185
   194
     9
     6
     0
    10
    14
     7
   147
   132
     0
     9
     7
    78
    18
    54
    19
     0
     0
     0
     0
     8
     0
     0
   353
     8
     0
    15
     0
   107
    17
     9
     9
     7
     0
    18
    36
    37
    34
     0
     0
     7
     0
     0
     0
     0
     0
     0
   343
    10
     9
    11
     0
    91
    25
     0
    20
    21
     9
    27
    34
    52
    32
     0
     0
     0
     0
     0
     0
     0
     0
     0
   329
    23
     7
     0
    10
   129
     0
     0
     0
     0
    25
    25
    26
    47
    35
     0
     0
     0
     0
     0
     0
     0
     0
     0
   344
    16
     0
     9
    20
   124
    13
    10
     0
    20
    17
    16
    36
    60
    44
     0
     0
     0
     0
     0
     0
     0
     6
     0
   364
     0
    11
     0
     0
   124
     0
     0
    10
    10
    12
    34
    23
    14
    32
     0
     9
    30
     0
     0
     0
    14
     0
     0
   198
   179
    17
     0
     7
     0
    25
     0
    83
    91
    14
     0
     0
    53
    23
    34
     8
     8
     0
     0
     0
     0
     9
     0
   165
   173
    15
     8
     0
    18
    11
     0
    62
   112
    21
     0
     9
     9
    41
    41
     0
     0
     0
     0
     0
    10
     0
     8
   273
     8
     7
    25
     0
    74
    18
    13
     0
     9
     9
    33
    36
    25
    18
    11
     0
     0
    11
     0
     0
     0
     0
     0
   334
     6
    16
     0
     7
    31
     0
     0
     8
    18
     0
    46
     8
    17
     7
     0
     0
     0
     0
     0
     0
     0
     9
     0
   371
     0
     0
     8
     8
   103
     6
     0
     0
     9
     0
    16
    52
    22
    28
     0
     0
     0
     7
     0
     9
     9
    10
     0
   273
     6
     0
     8
     0
   102
    44
    11
     8
    17
     9
    16
    15
    27
    25
     0
     0
     0
     8
     0
     0
     0
     0
     0
   310
     0
     0
    10
    15
    73
    18
     0
     0
     0
    14
    22
    33
    43
    27
     0
     9
     0
     0
     0
     0
     0
     0
     0
   193
   158
     0
    14
     6
     0
    21
     0
    91
    88
     7
    16
    17
    54
    28
    26
     0
     0
    31
     9
     6
     0
     0
     0
   217
   202
     0
     0
    11
     0
    10
     6
    88
    68
    21
     6
    16
    71
    15
    44
     0
     8
     0
     0
     0
     0
     0
     0
   387
    14
     9
     0
     7
   106
     0
     0
     0
    11
    28
    72
    63
    37
    44
     0
     0
     0
     0
     0
     0
     0
     7
     0
   342
     9
     7
     6
    17
    21
     8
     7
    17
     0
    28
    34
    19
    16
    61
     0
     0
    19
     9
     0
     7
     6
     0
     0
   224
     0
    18
    22
     7
   157
     0
     8
    11
     9
     9
    25
    26
    36
    48
     0
     0
     0
     0
     0
     0
    20
    11
     0
   317
     0
    15
    24
    18
   102
     9
     0
     0
     0
    13
    17
    28
    42
    54
     0
     0
     0
     0
     0
     0
     0
     8
     0
   337
     0
     0
     0
    13
    53
     7
     0
     9
    14
     0
    22
    41
    56
    50
     8
     8
     0
     0
     0
     0
     0
     0
     7
   255
   159
    15
    22
     0
     8
     0
    28
   117
    51
    16
     0
    11
    25
    25
    28
    11
     0
     0
     0
     8
     0
     0
     6
   182
   165
    17
     0
     0
    19
     0
     6
    95
    80
     0
    11
    10
    48
    50
    44
     9
     0
     0
     0
     0
     0
     0
     0
   385
     7
    18
     7
    22
    81
     0
     0
     6
     0
     0
    13
    18
    14
    37
     0
     0
     0
     0
     0
     9
     0
     0
     0
   308
     9
    20
     0
    18
    64
     0
     0
    18
     9
     0
    26
    16
    43
    24
     0
     0
     0
     0
     0
     0
     8
     9
     0
   298
    25
     7
     9
     0
   121
     7
    10
    20
     0
     0
    41
    27
    50
    43
     0
     0
     0
     0
    16
    11
     0
     0
     0
   314
     8
     0
    13
     0
   120
     0
     0
     7
     0
    14
    23
    23
    27
    13
     0
     0
     0
     0
     0
     0
     0
    11
     0
   367
     8
     8
     0
     0
    88
    10
     6
     7
    37
    12
    34
    26
    37
    50
     9
     7
     0
     0
     8
     0
     0
     6
     8
   183
   186
    18
    19
     0
     0
     8
     9
    92
    95
    14
    19
     9
    29
    38
    39
     0
     0
     0
     0
    10
     7
     8
     8
   197
   130
     0
    21
    10
     0
    16
    11
    44
    63
     9
     9
     0
    34
    21
     8
     0
     0
     0
     0
     0
     7
     0
     0
   281
    23
    16
    21
     0
    83
    19
     8
    30
     0
    10
    31
    32
     8
    18
     0
     0
     0
     0
     0
     0
     0
     8
     0
   373
    20
    16
     9
     8
    76
     0
     0
     0
     0
     0
    62
    40
    10
    30
     0
     0
     0
     0
     0
     0
     0
     0
     0
   324
     0
     0
     0
     8
    81
     9
     0
     8
     0
     0
    17
    41
    31
    37
     0
     0
     0
     0
     8
     0
     0
     6
     0
   382
     6
     0
    15
     7
   170
     0
     9
     7
     0
    16
    25
    30
    60
    15
     0
     0
     0
     0
     0
     0
     0
     0
     0
   369
    16
     9
    17
     0
    88
     0
    27
     9
     0
     0
    32
    33
    36
    46
     8
     0
     6
     0
     0
     7
    10
     0
     0
   206
   172
    20
    11
     0
    15
     0
     0
   104
   101
    17
    10
     0
    27
    27
    41
     8
     0
     9
     0
     0
     0
     0
    20
   159
   131
     0
    19
    14
    28
     9
     9
   109
   102
     7
    10
     0
     6
    24
    44
     0
     0
     0
     0
     0
     0
     0
     0
   306
    18
     0
     9
     0
    83
     0
     0
     0
    25
     0
    36
    18
    17
    58
     7
     0
     0
     0
    10
    17
     0
     0
     0
   398
    11
    18
    16
     8
   168
     0
     0
     9
     7
     0
    51
    39
     6
    22
     0
     0
     0
     0
     0
     0
     0
     0
     0
   211
     6
     0
     9
     0
   100
     8
    11
    29
     0
     0
    22
    18
     7
    35
     7
     0
     0
     0
     0
     0
     0
     0
     0
   405
    15
     7
    10
    27
   101
     0
     7
     8
     7
     7
    42
    29
    24
    63
     0
     0
     0
    10
     0
     0
     0
     0
     0
   465
     0
     0
     0
     0
    91
     0
     0
     7
     0
     9
    58
    26
    43
    60
     0
     0
     0
     0
     0
     7
    10
     0
     0
   173
   103
    19
     0
    12
     0
    15
     0
    95
    63
     0
     0
     8
    30
    35
     6
     0
     7
     7
     0
     0
     0
     7
     0
   115
   147
    25
    19
    37
     9
    12
    16
    52
    64
     0
     9
     0
    43
    33
    34
     0
     0
     0
     0
     9
     0
     0
     0
   367
    16
     0
    10
    14
   136
     0
     0
     0
     8
    14
    43
    33
    44
    10
     0
     0
    10
     0
     0
     0
     6
     0
     0
   393
     8
     6
     7
    14
    66
     6
    25
     0
    30
     0
    14
    46
    44
    29
    10
     7
     6
     0
     0
     0
     8
     0
     6
   389
     8
     0
    26
     8
    92
     0
    19
    18
     0
     9
    53
    25
    44
    63
     0
     0
     0
     0
     0
     0
     8
     0
     0
   224
     6
     0
    18
     0
    98
     8
     0
     8
     7
     6
    34
    26
    24
    16
     0
     0
     0
     0
     0
    10
    10
     9
     0
   294
     0
     8
     0
     0
    94
     0
     0
     9
     0
     0
    23
    53
    10
    19
     0
     0
     9
     7
    25
     0
     0
     9
     9
   238
   188
     0
     9
    10
    10
     8
     8
   100
   142
     8
     6
     9
    37
     7
    58
     7
     0
     0
     7
     0
     0
     7
     0
   145
   225
     6
     0
     0
     6
     0
    12
    81
    71
     0
    11
     0
    16
    10
    38
     0
     0
     0
     0
     0
     0
    14
     0
   321
     9
     0
    29
    15
    77
     0
     0
     0
    18
     0
    23
    46
    31
    14
     0
     0
    12
     0
     7
     0
     0
     0
     0
   298
    11
     0
     0
    12
   109
    17
     0
    11
     6
     0
    14
    60
     9
    57
     0
     0
     0
     0
     0
     9
     0
     8
     9
   190
     8
     7
     0
     0
    98
     0
     8
    14
     0
    16
    29
    58
    35
    34
    19
     0
     0
     0
    10
     0
     0
     0
     8
   262
    16
    16
     0
     0
    93
     0
    20
    14
    22
     0
    26
    37
    32
    26
     0
     0
     0
     0
     0
     7
     0
     0
     0
   303
     0
    10
     8
    18
    80
    18
     0
     0
     0
     9
    47
    20
    21
    30
     0
     0
     6
    13
     0
     9
     0
     7
     0
   213
   159
     9
     7
     0
     0
     0
    17
   107
    91
     8
     9
     7
    57
    42
    30
     0
    16
     8
     0
     8
     0
     0
    11
   160
   151
     0
    24
    10
    10
     0
    24
    96
   109
    11
     0
     9
    18
    48
    26
     0
     9
     0
     9
     0
     0
     0
     0
   302
     9
    17
     0
    39
   120
     6
     9
     0
     7
     7
    39
    24
    29
    54
     0
     7
    12
     8
     0
     0
     0
     9
     0
   331
     0
     7
     9
     0
    78
    17
     0
     0
     9
    16
    50
    28
     0
     8
     0
     0
     0
     0
     0
     0
     0
     0
     0
   296
    14
     7
     9
     0
   116
    17
     9
     0
    10
    12
    26
    62
    38
    32
     0
     0
     0
     0
     0
     8
     6
     0
     0
   203
     0
    18
     9
     0
    80
    12
     7
    11
     0
    10
    22
    51
     0
    56
     0
     0
     0
     6
     0
     0
     0
     0
     0
   285
    17
     6
     0
     0
    84
     0
     0
     0
    17
     0
    44
    23
    61
    23
     0
     9
     0
     0
     8
     0
     0
     6
     0
   177
   196
     7
    17
     0
     8
    21
     8
    70
    73
    27
     6
    12
    14
    33
    11
     0
     0
    12
     0
     0
     0
     0
    13
   194
   199
     0
     0
    29
     9
     0
    12
    48
   135
    21
     0
     7
    39
    33
    33
    18
     0
    10
     0
     0
     0
     0
     0
   252
     9
     9
     8
    19
    71
     0
    10
     0
     0
    30
    57
    19
    32
    74
     0
     0
     0
     0
     0
     0
     0
     0
     7
   410
    20
     7
     7
     0
   102
     0
     9
    20
     8
     8
    29
    32
     0
    30
     0
     0
     0
     0
     0
     0
     8
     0
     0
   328
     8
     8
     8
     0
    84
     0
     0
    18
     0
     0
    49
     7
    16
    93
     0
     0
     0
     0
     0
     0
     0
     0
     8
   315
     7
    12
     7
    28
   127
    11
     0
     0
    15
    16
    32
    11
    69
    32
     0
     0
     0
     0
     0
    17
     0
     8
     0
   347
    22
    19
     0
    18
    91
     0
    10
     6
     0
    10
    52
    34
    79
    30
     0
     0
    15
     0
     0
     0
     0
    10
    15
   258
   160
    35
     0
    16
    14
    21
    30
    79
    54
    16
    12
     0
    59
    30
     8
     0
     0
    12
    11
     0
     0
     0
     0
   159
   171
     9
     0
     0
     9
    16
     0
    79
   105
     6
    11
    10
    41
    31
     9
     0
     0
     0
     0
     0
     0
     0
    11
   307
     8
     0
     7
    10
   115
    15
    24
    20
    14
     8
     8
    31
    15
    45
     0
     0
     0
     9
     0
     0
     0
     0
     0
   286
     0
     9
    18
     9
    86
     0
    15
    32
     0
     0
    43
    45
    38
    44
     0
     0
     0
     0
     0
     0
     0
     0
    16
   235
     0
    19
     0
     8
    76
     0
     9
    15
    10
     0
     6
    30
    32
    49
     6
     0
     0
     0
     0
     7
     0
     0
     0
   368
     8
     0
    24
    10
    32
     0
     0
    10
     0
     0
    32
    46
    19
    19
     0
     0
     0
     0
     0
     0
     0
     0
     0
   389
     7
     0
     0
     6
   144
     7
    20
    19
    10
     0
    35
    68
    44
    42
     0
     0
     6
     9
     7
     0
     0
     0
     0
   147
   150
     0
     0
     0
     0
    14
    15
   110
   123
     0
     8
    27
    45
    25
    64
     0
     6
     0
     9
     9
     0
     9
     0
   171
   216
     9
     0
     7
    15
     9
    26
    98
    95
     7
    33
    14
    55
    14
    65
     0
     0
     0
     0
     0
     0
     0
     0
   277
     0
     8
    27
    26
    81
     0
     0
     0
     7
     6
     9
    29
    33
    26
     0
     0
     8
     0
     0
     0
     0
     0
     0
   421
     6
     0
     0
     0
   110
     8
    24
    16
     0
     9
    17
    33
    17
    21
     0
     0
     0
     0
     0
     0
     0
     0
     0
   306
    12
     9
     0
    16
   111
     7
    25
    18
     9
     7
    21
     6
    16
    49
     8
     0
     0
     0
     0
     0
     0
     0
     0
   318
     0
     6
     0
     6
   108
     0
     0
    14
     9
     0
     9
    44
    15
    18
     0
     0
     0
    10
     7
     0
     0
     0
     0
   374
     8
    33
    17
     0
   117
    10
    20
     6
     0
     0
    51
    26
    17
    27
     9
     0
     0
     0
     0
     0
     0
     0
     0
   194
   147
     7
     9
    17
    10
     0
    16
   113
    88
     0
    28
    15
    48
    15
    31
     6
     0
     8
     0
    16
     0
     0
     0
   206
   178
    10
     0
     0
    18
     9
     6
    50
   132
     0
    30
     7
    58
    81
    16
     0
     6
     0
     0
     0
     0
     8
     0
   381
     6
    25
     7
    22
   159
     7
     0
     0
     0
    12
    18
    16
    24
    35
     0
     0
     7
     0
     0
     6
     0
     0
     0
   294
     7
     0
    10
    20
   102
     7
    11
    10
    15
    12
    37
    34
    47
    36
     0
     0
     0
     0
     0
     0
     0
     0
     0
   320
     0
     0
     9
     7
    83
     0
    20
     0
     0
     0
    27
    26
    14
    36
    11
     6
     0
     0
     0
     7
     0
    12
     0
   419
     9
     9
     9
     0
   139
    19
     7
     0
    17
     6
    40
    71
    21
    18
    11
     0
     0
     0
     0
     0
     0
     0
     0
   255
    14
     9
    41
     6
   108
    13
     0
     7
    27
    26
    30
    27
    37
    35
     0
    10
     0
    25
    20
     0
     0
     0
     0
   160
   184
     0
    11
     0
     9
     6
    17
    79
   105
    18
     8
    16
    45
    55
    41
     7
     0
    10
     6
    10
     0
     0
     9
   208
   206
     0
    31
     8
    14
    28
    10
   112
   102
     0
    35
    10
    47
    10
    16
     0
     0
     0
     6
     0
     0
     0
     0
   330
    27
     8
    18
    10
   129
     8
     0
     0
    28
     0
    46
    26
    18
    22
     0
     0
     0
     6
     0
     0
     0
     0
     0
   295
    28
     6
    27
    11
    60
     0
    18
     7
     6
    20
    56
    38
    58
    55
     9
     0
     0
     0
     8
     0
     0
     6
     0
   303
     8
     9
     0
     7
   100
    26
    11
     0
    19
     8
    17
    33
    42
    18
     7
     0
     0
     7
     0
     0
     0
     0
     8
   268
    15
    15
     0
    13
   168
    16
     0
    21
    15
     9
    41
    16
    14
    34
     6
     0
     0
     0
     0
     0
     0
     0
     0
   355
     0
     0
    19
     9
    62
     0
     0
     9
    17
    14
    34
    26
    43
    31
     0
     0
     0
     0
     0
     6
     7
     0
     0
   178
   188
    14
     9
    11
     8
     8
     0
   112
   117
    10
     8
    19
    28
    48
    18
     7
     0
     6
     0
     9
     0
     8
    12
   189
   176
     7
    10
     7
     0
     0
    24
   168
    73
     8
     8
    15
    24
    44
    32
     7
     0
     0
     0
     0
     0
     0
     0
   439
    10
    12
     0
    30
   112
     9
     0
     0
    18
    17
    39
    38
    27
    30
     0
    11
     8
     0
     0
     0
     8
     9
     7
   271
    31
     8
     0
    37
   117
     0
    27
     0
     0
     0
    11
    21
    28
    76
     8
     0
     0
     0
     6
     7
     0
     7
     0
   312
     0
     8
     0
     7
    79
     0
     8
     0
     8
     6
     8
    44
    31
    33
     0
     0
     0
     0
     0
     0
     8
     9
     0
   299
     0
     9
    27
     8
   120
     0
    15
    10
    18
     6
    20
    46
    35
     7
    10
     9
     0
     0
     0
     0
     0
     0
     0
   378
     7
    19
    10
    11
   103
     6
     0
     6
     0
     0
    54
     9
    55
    64
     9
    15
     0
     7
     7
     0
     8
     0
     0
   153
   179
     0
     0
     6
     0
    16
     9
    79
    84
    17
    19
     0
    42
    23
    57
     0
     0
     8
     0
     8
     0
     0
     0
   210
   135
     0
    19
    15
    10
     9
    17
   107
    81
    27
     7
    15
    44
    14
    31
     0
     0
     0
     0
     0
     0
     0
     0
   294
    12
    32
     0
     6
    90
     0
    32
    26
     8
    25
    31
    47
    34
    28
     0
     0
     0
     0
     0
     0
     8
     0
     0
   344
    12
     9
    11
     8
   143
    10
    27
     8
     0
    21
    51
    27
    40
    33
    14
     7
     0
     0
    19
     7
     0
     0
     0
   347
     7
     7
     7
    15
   126
     0
     0
     0
     8
     7
    43
    46
    41
    27
     0
     8
     8
     0
     0
     0
     0
    12
     0
   293
    11
     0
    19
    20
   145
    16
     0
     7
     7
     0
    24
    11
    35
    21
     0
     0
     0
     0
     0
    10
     0
     0
     0
   391
    15
     0
     0
     8
   146
     0
     0
    22
     0
     0
    20
    25
    29
    91
     0
     0
     0
     8
     0
    16
    20
     0
    17
   297
   246
    11
    10
     9
     0
    19
     0
    52
    90
    21
     9
     0
    39
    17
    61
     0
     0
     0
    21
     0
     0
    10
     0
   158
   231
     0
    14
    16
     0
    12
    29
    93
    84
    17
     6
     6
    76
    74
    46
     0
     8
     0
     0
     0
     0
     0
     0
   372
     9
    29
     0
    11
   121
     7
     8
    26
     9
     0
    43
    63
    57
    20
     0
     0
     0
     0
     0
     0
     0
     0
    11
   347
    24
     7
    20
     0
   110
     0
    10
     7
    18
    10
    51
    57
    28
     8
     0
     0
     0
     0
     0
     0
     0
     0
     0
   281
     0
     0
    18
     8
    81
     0
    18
     0
     6
     7
    54
    61
    34
    43
     0
     7
     0
     0
     0
     0
     0
     0
     0
   315
     0
     7
     6
     7
   107
     0
     7
     9
     6
     9
    35
    21
    42
    69
     0
     0
     9
    11
     0
     8
     0
     9
     6
   293
     0
    17
    32
     0
   148
     9
    17
     8
     0
     0
    49
    24
    26
    49
     0
     0
    10
     0
     0
     0
    18
     9
     0
   221
   106
    14
     7
    16
     6
     9
    20
   157
    68
    27
     0
     0
    65
     0
    36
     0
     0
     6
     0
     9
     0
     0
     8
   257
   188
    42
     0
     7
    11
     6
     8
    55
   105
     0
    22
    20
    24
    46
    24
     0
     0
     8
     0
     0
     0
     0
     0
   337
     0
    30
     9
    20
   108
    32
     0
    17
    19
    10
    61
    31
    15
    59
     0
     0
     0
     0
     0
     0
     0
     0
     0
   362
    13
    10
     0
    18
   100
     0
    16
     0
     8
     0
    34
    36
    38
    44
     0
     0
     0
     6
     0
     0
     0
     0
     0
   333
     6
    16
     0
    10
   102
     8
     0
    21
    11
     6
    47
    49
    46
    45
     0
     0
     0
     0
    10
     0
     0
     0
     0
   328
    20
    33
     8
    25
   117
     9
     8
    11
     0
    10
    31
    54
    60
    20
     0
     0
     0
     0
     0
     8
     0
     0
    21
   316
    14
    28
     0
     6
   153
    10
     0
     7
    21
    17
    25
    35
    24
    17
     0
     0
     0
    11
     0
     0
     0
    10
     0
   119
   215
     7
     0
    16
    48
     0
    35
    66
    81
    16
    11
    19
    68
    43
    41
     8
     7
     0
     0
     0
     0
     0
    10
   132
   190
     0
    15
    10
     7
    24
     0
   101
    68
     0
    19
    11
    22
    31
    50
     0
     0
     0
     0
     0
     0
     0
     0
   431
    15
    12
     7
    21
   173
     0
     0
     0
     8
    18
    53
    53
    39
    25
     9
     0
     0
     0
     0
     0
     0
     6
     9
   255
     9
    10
     0
     6
    72
     0
    14
     7
    24
     9
    45
    14
    69
    80
     0
     0
     0
     0
     0
     0
     0
     0
     0
   308
     7
    17
    14
     0
   141
    13
    10
    24
    17
     9
    22
    47
    34
    13
     0
     0
     0
     0
     0
     0
     0
     0
     0
   402
    15
     0
     0
    14
   123
     0
     7
    25
     0
     8
    37
    37
    39
    33
     0
     0
     0
     0
     0
     0
     0
     6
     0
   424
     0
     0
     8
     0
   161
    19
     0
     0
     8
     7
    36
    38
    18
    34
     0
     0
     0
     0
     7
     0
    11
     7
     0
   225
   201
    10
     9
     0
     7
    10
     7
   105
    87
    11
     9
     9
    30
    39
    29
     7
     0
     0
     0
     0
     6
    10
     0
   170
   257
     7
    24
    11
     7
    17
    28
   124
    77
    18
     0
     9
    54
    27
    34
    10
     0
     0
    10
     6
     0
     0
    12
   348
    24
     0
    11
    15
   150
    26
     0
     0
    27
    10
    16
    30
    25
    37
     0
    11
     0
     0
     7
     9
     0
     6
     6
   323
     8
     8
    21
     8
   108
     0
     9
     7
    16
     7
    36
    26
    67
    40
     6
     0
     6
    16
     0
     0
     0
     0
     0
   291
    32
    19
    19
    17
    63
    15
     7
     7
    10
     8
    16
    55
    27
    32
     0
     0
     0
     8
     0
     0
     0
    10
     0
   331
    17
     0
    31
     8
   175
     6
    45
     7
    28
     0
    34
    33
    43
    26
     0
     0
     0
     0
     0
     0
     0
     0
     0
   387
    11
     0
    21
     0
   112
     0
    17
     0
    11
     8
    58
    16
    40
    32
     0
     0
     0
     0
     0
     8
     8
     9
     9
   253
   228
    14
    15
    11
    26
    16
    10
   121
   136
     8
    16
     0
    37
    72
    34
     0
     6
     8
     0
     0
     0
     0
     9
   184
   205
    26
     0
     0
    27
    33
    10
   142
   100
     0
     9
    10
    35
    52
    62
     0
     0
     0
     0
     0
     0
     7
     0
   377
    27
    41
    17
     0
   112
    18
     0
     9
     0
     6
    28
    55
    35
    18
     0
     0
     7
     0
     0
     0
     6
     8
     0
   323
     7
     0
     0
    15
    91
     0
     0
     0
     0
    18
    31
    10
    42
    27
     0
     0
     0
     0
     0
     0
     0
     0
     0
   343
    15
    12
     0
    10
    42
    14
    11
    19
    16
     0
    18
    40
    28
    42
     0
     0
     0
     0
     0
     0
     0
     0
    10
   311
     8
     0
     0
    14
   176
    10
     0
     0
     6
    18
    42
    33
    56
    80
     0
     0
     0
     9
     0
     0
     7
     8
     0
   314
    11
    36
    13
    11
   121
    11
     0
    25
     0
     8
    40
    16
    66
    44
     0
    19
     0
     0
     8
     0
     0
     0
    11
   166
   174
    22
     0
     0
     0
     7
     9
   148
    88
    18
    14
     9
    28
    22
    54
    17
     0
    10
     0
     7
     0
     7
     0
   204
   169
     9
    21
    36
     0
    19
    17
    82
   135
     7
    34
     6
    31
    31
    41
     0
     0
     0
     0
     0
     0
     0
     0
   329
     8
     9
     0
     9
    92
    22
     0
    17
     0
     7
    16
    49
    46
    27
     0
     0
     0
     0
     0
     0
     0
     0
     0
   243
     0
    11
     0
     7
   124
     8
     0
     0
    11
     0
    35
    52
    67
    56
    11
     0
     9
     0
     0
     0
     0
     0
     0
   256
     9
    19
    16
     0
   148
     9
     6
    26
     0
     0
    16
    17
    30
    27
     0
     8
     0
     0
     0
     0
     0
     0
     0
   444
    41
     0
    14
     9
   123
     0
     0
     6
     0
     8
    37
    47
    37
    59
     0
     0
     0
     0
     0
     0
     0
     0
     0
   483
     8
     0
    13
    18
   106
     8
     7
     0
     7
    10
    35
    33
    41
    35
     0
     0
     0
     0
     0
     0
     0
     0
    10
   202
   201
     8
     7
    17
    10
    11
    16
   116
   128
    17
     0
     7
    53
    10
    21
     0
     6
     0
     6
     8
     0
     0
     0
   214
   249
    33
     6
     0
     0
     0
    20
    84
   131
    11
    23
     0
    65
    39
    44
     0
     7
     0
     0
     0
     8
     0
     0
   368
     8
     7
     0
     7
   148
     0
     7
    16
     0
     0
    42
    21
    31
    33
     0
     0
