     0
     0
     0
     0
     0
     0
     0
   174
     8
     7
    10
     0
    61
     9
     0
    21
     0
     8
    27
     0
     0
    32
     0
     0
     7
     0
    10
     0
     0
     0
     0
   145
    19
     9
     0
     0
    45
    17
     0
     0
    10
     0
    28
    11
     9
    23
     0
     0
     0
     0
     0
     0
     0
     0
     0
   142
     0
     6
     0
     0
    16
     0
     0
     0
     0
     0
     0
    14
    16
    48
     0
     0
     0
    11
     0
     0
     0
     0
     0
   201
     0
     0
     9
     0
    25
     0
    14
    14
     0
    10
     6
     8
    22
    16
     0
     0
     0
     0
     0
     0
     0
     0
     0
   136
    26
     0
     0
    10
    47
     6
    19
     0
     8
     0
    16
    28
    23
     8
     0
     0
     0
     0
     0
     0
     0
     0
     0
    66
    49
     0
    34
    17
     0
    15
     9
    73
    55
     9
     8
    16
    32
    10
    27
     0
     0
     0
     0
    11
     0
     0
     0
    88
   117
     6
     0
     0
     0
     7
     0
    73
    45
     0
     0
     0
     8
     9
     9
     0
     0
     0
     0
     0
     0
     0
     0
   177
     0
    17
     7
     0
    34
     0
     0
     0
     0
     0
    15
    38
    12
    35
     0
     0
     0
     0
     0
     0
     8
     0
     0
   108
     0
     8
     0
     0
    46
     0
     0
     0
     0
     0
     0
    19
    32
    24
     0
     0
     0
     0
     0
     0
     0
     0
     0
   140
     0
     0
     0
     8
    50
     8
     0
     0
     0
     7
    33
    16
    17
    20
     0
     0
     0
    10
     0
     0
     0
     0
     0
   124
     0
     0
     0
    15
    58
     0
     0
     0
     0
     0
    36
    13
     7
    20
     0
     0
     0
     0
     0
     0
     0
     0
     0
   171
     0
     0
     0
     0
    44
     0
     0
     9
    11
     0
     0
    13
    10
    65
     0
     0
     0
     0
     0
     0
     0
     0
     0
    77
    76
     0
     0
     0
     0
     0
     0
    81
    85
     0
     8
     0
    43
    30
     0
     0
     0
     0
     0
     0
     0
     0
     0
    77
    69
     0
     0
     0
    22
     0
     0
    25
    68
     0
    14
     0
    27
    22
    35
     0
     0
     0
     0
     0
     0
    11
    10
   100
     6
     0
     6
     0
    35
    10
     0
     7
    10
     0
    28
    11
     0
    18
     0
    10
     0
     0
     0
     0
     0
     0
     0
   115
     0
    12
     0
     0
    25
     7
     0
     0
     0
     0
    21
    13
    27
    39
     0
     0
     0
     0
     0
     0
     0
     0
     0
   153
     9
     0
    16
     0
    33
     0
     8
     0
     0
    10
     0
    22
     6
     8
     0
     0
     0
     0
     6
     0
     0
     0
     0
   113
     0
     0
     0
     6
    59
    11
    10
    11
    12
    11
    33
     8
    44
     7
     0
     0
     0
     0
     0
     0
     0
     0
     8
   130
     7
     0
    10
     8
    42
     0
     0
     8
     8
     0
     7
     6
    21
     0
     9
     0
     0
     0
     0
     0
     0
     0
     0
   128
    97
     8
     0
    12
     6
     9
     0
    35
    27
     0
    12
     0
     9
     0
    14
     0
     9
     0
     0
     0
     0
     0
     0
   135
    52
     0
     0
     0
     0
     0
     0
    64
    37
     0
     0
     0
    26
    11
     6
     0
     0
     0
     0
     0
     0
     0
     0
   140
     0
     0
     8
    10
    74
     0
     0
     0
     0
     0
    32
    10
    34
     8
     0
     0
     0
     7
     0
     0
     0
     0
     0
   195
     0
     0
     8
     0
    26
     0
     0
     8
     6
     7
    18
     0
    16
     6
     0
     0
     0
     0
     8
     0
     0
     0
     0
   142
     8
    13
     0
    18
    35
     8
     0
     0
     0
    18
    26
    12
    26
     8
     0
     0
     0
     0
     0
    10
     0
     0
     0
   132
     0
    10
    20
     0
    70
     7
     9
     0
    12
     0
     7
    16
     0
    10
     0
     0
     0
     0
     0
     0
     0
     0
     0
   216
     0
     0
     0
     0
    38
     0
     0
     0
     0
     0
    24
    35
    29
     7
    11
     0
     0
     6
     0
     0
     0
     0
     0
    86
   128
     0
     6
     0
    16
     0
     6
    41
    35
    16
     0
     0
    29
    38
    22
     0
     0
     0
     0
     0
     0
     0
     0
    61
   135
     0
     0
    10
     9
     0
     0
    36
    41
     0
     6
     0
    19
     8
    26
     0
     0
     0
     0
     0
     0
     0
     0
   143
     0
     0
     6
     6
    49
     6
     0
    20
     7
     0
     0
    38
     8
     9
     0
     0
     0
     0
     0
     0
     0
     0
     0
   167
    10
     8
    34
     0
    55
     0
     9
     0
     0
     0
    35
    50
    25
    17
     0
     0
     0
     0
     0
     0
     0
     0
     0
    99
     7
     0
     9
     0
    64
     6
     0
    10
     0
     0
    19
     0
     0
    19
     0
     0
     9
     0
    11
     0
     0
     8
    11
   167
     0
     0
     0
     0
    55
     0
     8
     0
     0
     0
    10
    37
    14
     8
     0
     0
     0
     0
     0
     0
     0
     0
     0
   114
     8
     0
     7
     0
    63
     0
     0
    21
     0
     0
    15
     0
    25
    24
     0
     0
     9
     0
     8
     0
     7
     8
     0
    52
    72
     0
     0
    10
    10
     8
     7
    13
    75
     0
    11
     7
     8
    15
    19
     0
     0
     6
    11
     0
    10
     0
     0
   120
    91
    15
     0
     0
     0
     0
     9
    39
    70
    17
     0
     8
    10
    11
    23
     0
     0
     0
     0
     0
     0
     0
     0
   154
     0
     0
     0
     0
    14
     0
    16
     6
     0
     0
    27
    16
    18
     7
     0
     0
     0
     0
     0
     0
     0
     0
     0
   150
     8
     0
    22
     0
    50
     0
    10
     6
     0
     9
     0
    29
    15
    60
     0
     0
     0
     0
     0
     0
     0
     0
     0
   177
    15
     6
     0
     8
    57
     0
     7
     0
     0
    10
    22
    37
    32
    41
     0
     0
     8
     0
     0
     0
     0
     0
     0
    93
     0
     0
     0
     0
    27
     0
     0
     9
     8
     9
     9
     0
     8
    18
     0
     0
     0
     0
     0
     0
     0
     0
     0
   176
     0
     0
     7
     0
    62
     0
     0
     8
     0
     0
     0
     0
    30
     0
     0
     0
     0
     0
     0
     0
    10
     0
     0
   134
   138
     0
    18
    12
     0
     0
     0
     8
    14
     0
    10
    11
    22
     8
    12
     0
     0
     0
     8
     0
    10
     0
     0
    73
    61
     0
     0
     0
     0
     9
     8
    20
    65
     0
     0
     0
     0
    23
    10
     0
     0
     0
     0
     6
     0
     0
     0
   176
     0
    14
     0
     0
    35
     6
     0
     6
     0
     0
     6
    26
     8
    10
     0
     0
     0
     0
     0
     0
     0
     0
     0
   112
     0
     0
     0
     0
    30
    16
     0
     0
     0
    10
     0
     7
    25
    17
     0
     0
     0
     0
     0
     0
     0
     0
     0
   152
     0
     0
     0
     0
    47
     7
     0
     0
    17
     0
    48
    26
    33
    50
     7
     0
     0
     0
     0
     0
     0
     0
     0
   208
    16
     0
     0
     0
    85
     8
     0
     0
     0
     8
    23
    17
    25
    22
     0
    17
     0
     0
     0
     0
     0
     0
     0
   145
     0
     9
     0
    11
    55
     8
     0
     0
     9
     0
     7
    39
    36
     0
     0
     0
     0
     6
     0
    10
     0
     0
     0
   130
   150
     0
    10
     0
     8
     7
     7
    45
    43
    17
     0
     0
     8
    15
    14
     0
     0
     6
     0
     8
     0
     0
     0
   148
   109
     0
     7
     8
    12
     0
    11
    46
    46
     0
     7
    20
     7
    14
    44
     0
     0
     0
     0
     0
     0
     0
     0
   151
     0
     7
    12
     6
    38
     0
     0
     0
     0
     0
     8
     0
    27
    28
     0
     7
     0
     0
     0
     0
     0
     0
     0
   210
     0
     0
     0
    13
    47
     0
     0
     0
     0
     0
    18
     8
     7
    10
     0
     0
     0
     0
     0
     0
     0
     0
     0
   168
     0
    20
     0
     0
    52
    26
    15
     0
    16
     0
    15
    18
    49
     0
     0
     0
     0
     0
     0
    10
     7
     0
     0
    99
     0
     0
     7
     0
    54
     6
     9
     0
     0
     0
    27
     7
     0
     9
     0
     0
     0
     0
     0
     0
     0
     0
     0
   144
     0
     8
     9
    10
    68
     0
    11
    11
     0
     6
    11
    31
     8
    13
     0
     0
     0
     0
     0
     0
     0
     0
     0
    99
   117
     0
     7
     0
     0
     0
     8
    56
    29
     8
     0
     0
     7
    26
    16
    10
     0
    10
     8
     0
     0
    10
     7
   150
   140
     0
     0
     8
     0
     0
    28
    72
    57
     0
     0
    12
    16
    28
    31
     0
     0
     0
     9
     0
     0
     0
     0
   132
     0
     8
     0
     0
    65
     0
     0
     6
     7
     0
    48
    17
    10
    18
     0
     0
     0
     0
     0
     0
     0
     0
     0
   150
    10
     0
     0
     0
    68
     0
    15
     0
     8
     0
     0
    19
    19
    31
     8
     8
     0
     0
     0
     0
     0
     0
     0
   176
     7
     0
     0
     0
    21
     9
     0
     0
     8
    10
     9
    17
    23
     0
     0
     0
     0
     0
    10
     0
     6
     0
     0
   133
     0
     9
    30
     0
    51
    16
     0
     0
     8
     0
     9
     0
    16
    19
     0
     0
     0
     0
     0
     0
     0
     0
     0
   245
     0
    14
     8
     0
    70
     0
     0
     0
     0
    15
    37
     8
    17
    11
     0
     0
     0
     0
     6
     0
     0
     0
     0
    55
   116
     8
     9
     0
     0
     0
     0
    55
    40
    12
     0
     8
    11
     9
    20
     0
     8
     0
     0
     0
     6
     0
     0
    39
    49
     0
    10
     0
     0
     8
     0
    16
    46
     0
    16
     0
    54
     6
     8
     0
     0
     0
     0
     0
     0
     0
     0
   159
     0
     0
     0
     0
    51
     0
     7
     0
     0
     7
    22
     9
    18
    18
     0
     0
     0
     0
     0
     0
     0
     0
     0
   169
    16
     0
     9
     6
    42
     0
     0
     0
     0
     0
     0
     9
     0
     0
     0
     0
    15
     0
     0
     0
     0
     0
     0
   108
     6
     0
     0
     0
    95
    18
     0
     0
     0
    12
    13
    23
    38
    19
     0
     0
     0
     0
     0
     0
     0
     0
     0
   114
     0
     6
     0
    10
    54
     0
    10
     0
     0
     0
    23
     6
    15
    28
     0
     0
     0
     0
     0
     0
     0
     0
     0
    74
     0
     6
    19
     6
    23
     0
    15
     0
    10
     6
     9
    15
     8
    16
     0
     0
     0
     0
     0
     0
     8
     0
     0
    56
    93
     8
     0
     7
     0
     0
     7
    33
    50
     0
     7
     0
    43
    14
    17
     8
     0
     0
     0
     0
     0
     0
     7
    72
   150
     0
     0
     0
     7
    18
     0
    21
    43
     0
     0
    20
    29
    24
     8
     0
     0
     0
     0
     0
     0
     0
     9
   196
     0
     9
     0
     0
    39
     8
     0
     0
     0
     0
     0
    36
    39
    10
     0
     0
     0
     0
     0
     0
     0
     0
     0
   195
     0
     9
     0
     0
    48
    16
     0
     0
     0
     0
    17
    10
    52
     0
     0
     0
     0
     0
     0
     0
     0
     0
     0
   194
     7
     0
    10
     0
    77
     0
     0
     0
     0
     0
    11
    13
    28
     9
     0
     0
     0
     0
     0
     0
     0
     0
     0
   177
     0
     6
     0
     0
    32
     7
     0
     0
     9
     0
    17
     6
     0
     0
     0
     0
     0
    11
     0
     0
     0
     0
     9
   138
     0
     0
     0
     0
    40
     7
     0
     0
     0
     0
    10
     9
     7
    38
     0
     0
     9
     0
     7
     0
    17
     0
     0
    89
    73
    10
     0
     9
     0
     0
     0
     9
    79
     0
     0
     0
     6
     0
    10
     0
     0
     0
     0
     0
     0
     0
     0
   106
   104
     0
     0
     0
     0
     0
     7
    41
    48
     0
     0
     0
    20
     0
    16
     0
     0
     0
     7
     0
     0
     0
     0
   245
     7
     0
     0
     6
    36
     0
     0
     0
     8
    18
    15
    18
     8
     8
     0
     0
     0
     0
     0
     0
     0
     0
     0
    88
     0
     0
    10
    13
    64
     0
    18
     0
     9
     0
    22
    10
     0
    34
     0
     0
     0
     0
     0
     0
     0
     0
     0
   150
     0
     0
     0
     0
    50
     9
     7
     0
     0
     0
     7
    15
     9
     8
     0
     0
     8
     8
     0
     0
     7
     0
     0
   119
     0
     0
     0
     0
    37
     0
     0
     0
     8
     0
     0
     0
     8
    25
     0
     0
     0
     0
     0
     0
    10
     0
     0
   180
     0
     0
    10
     0
    44
     0
     8
    30
    12
    10
    10
    16
    19
     8
     0
     0
     0
     8
     0
     0
     0
     0
     0
   130
    75
     0
     8
     0
     7
     0
     0
    18
    27
     7
     0
     0
    55
    15
    18
     0
     0
     0
     0
     0
     0
     0
     0
    90
    88
    10
     8
     0
     0
     0
    10
    38
    69
     6
     0
     0
    17
    17
    32
     0
     0
     0
     0
     9
     0
     0
     0
   141
     0
    17
     0
     0
    44
     9
     0
     0
    11
     7
    24
     6
     9
     0
     0
     8
     6
     0
     0
     0
     0
     0
     0
   140
     8
    11
     0
     6
    56
     0
     0
     0
     6
     0
    27
    35
    31
    28
     0
     6
     0
     0
     0
     0
     0
     0
     0
   188
     0
     9
     0
     0
    38
     0
     7
     8
     0
     8
     0
    14
    18
    27
     0
     0
     0
     0
     0
     0
     0
     0
     0
   140
     0
     0
     0
     0
    25
     0
     0
     0
     0
     6
     0
    19
    16
    11
     0
     0
     0
     0
     0
     0
     0
     0
     0
   167
     0
     0
     0
     0
    32
     9
     0
     0
     0
     0
     7
    26
    20
    19
     0
     0
     0
     0
     0
     0
     0
     0
     0
   100
   141
     0
     0
    13
     7
     0
     0
    32
    36
     8
     0
     0
     8
    28
    12
     0
     0
     0
     0
     0
     0
     0
     0
   147
    89
     7
     0
     0
    17
     0
     0
    59
    21
    27
     0
     0
    26
    17
     8
     0
     0
     0
     0
     0
     0
     0
     0
   150
    12
     8
     8
     0
    51
     0
     0
    10
     0
     0
     6
     0
     0
     9
     0
     0
     9
     0
     0
     0
     0
     0
     0
    80
     0
     6
     9
     9
     6
     0
     0
     0
     0
    14
     0
    10
     0
    18
     0
     0
     0
     0
     0
     0
     0
     0
     0
   139
     0
     0
     0
     0
    50
     0
    11
    11
     0
     0
    14
     6
     7
    13
     0
     0
     0
     0
     0
     0
     0
     0
     0
   167
     0
     0
     0
     0
    90
    15
     0
     0
     0
     9
    15
    10
    40
     8
     0
     0
    12
     0
     0
     0
     0
     0
     0
   147
     7
    14
     8
     7
    34
     8
     6
     6
    10
    11
    32
     9
    24
    13
    10
    10
     0
     0
     0
     0
    10
     0
     0
    50
    44
     6
     0
     0
     0
     0
     0
    84
    36
    10
     7
     8
     8
    22
    10
     8
     0
     0
     0
    16
     0
     0
     0
   142
    85
     8
     0
     0
    14
     0
     0
    70
    22
     8
     9
     0
     7
    23
     6
    11
     0
     0
     0
     0
     0
     8
     0
   175
     7
    12
    17
     0
    26
    10
     0
     0
     7
    20
    20
    17
     0
    11
     0
     0
     0
     0
     0
     0
     0
     0
     0
   129
    12
     0
     0
     0
    38
     8
     0
     0
     0
     7
    14
    14
    52
    18
     0
     0
     0
     0
     0
     0
     0
     0
     6
   205
     0
     0
     0
    16
    44
     7
     0
     0
     9
    21
    17
     8
    26
     0
     0
     0
     6
     0
     0
     0
     0
     0
     0
   160
     0
     0
     8
     0
    54
     0
     6
     0
     0
     8
     0
     0
    15
    26
     0
     0
     0
     0
     0
     6
     0
     0
     0
   146
     0
     0
     8
    10
    32
     0
     0
     0
     0
     7
     9
    42
    28
    50
     0
     0
     0
     0
     0
     0
     0
     0
     0
    58
   144
     9
     0
     0
     7
     0
    13
    42
    29
     0
     0
     0
    35
    15
     0
     8
     0
    10
     0
     0
     0
     0
     0
    67
   103
     0
     0
    11
     0
     0
     0
    58
    39
     0
    10
     8
    10
    14
     8
    10
     0
     0
     0
     0
     0
     0
     0
   157
     6
     0
     0
     0
    47
     0
     0
     0
    15
     0
    16
     8
     7
    37
     8
     0
     0
     0
     0
     0
     0
     0
     7
   134
     0
     8
     9
    24
    91
     0
    10
     8
     0
     0
     9
     0
     9
     7
     0
     0
     0
     0
     0
     0
     0
     0
     0
   176
     0
     0
     8
     0
    64
     0
     9
     8
    15
     9
    24
    15
     7
     0
     0
     0
     0
     0
     0
    10
     0
     0
     6
   139
     0
     7
     9
     0
    49
     0
     6
     0
     0
     0
    25
     6
     0
    41
     8
     0
     0
     0
     0
     0
     0
     0
     0
   101
     0
     0
    11
     0
    44
     0
     8
     0
     7
     0
     7
    18
     9
     0
     0
     0
     6
     0
     0
     0
     0
     0
    10
    88
    65
     7
     0
    16
     0
     0
    31
    77
    66
     0
    14
     6
     0
     0
     0
     0
     0
     0
     0
     0
    10
     0
     0
    48
    77
     0
     0
     0
     8
    16
     0
    94
    42
     0
     9
     8
     0
    25
     6
     0
     0
     0
     0
     0
     0
     0
     0
   154
     0
     0
    11
     0
    55
    20
     0
     0
     0
     0
    15
     0
     0
     0
     0
     0
     0
     0
     0
     0
     0
     0
     0
   176
    10
     9
     0
     9
    49
     0
     0
    14
     0
     0
    13
    19
     0
    26
     0
     0
     0
     0
     0
     0
     7
     0
     0
   191
     0
     0
     0
     0
    48
     0
     0
    12
     7
     0
    37
     6
     0
    18
     0
     0
     0
     0
     0
     0
     0
     0
     0
   199
     0
     6
    12
     0
    91
     0
     7
    11
     7
     0
    21
    25
    28
     6
     0
     0
     0
     0
     0
     0
     0
     0
     0
   165
     8
     0
    25
    10
    88
     7
     0
     8
     0
     6
    29
     0
     8
    19
     0
     0
     0
     0
    10
     0
     0
    11
     0
    99
    33
     0
     0
    16
     9
     0
     9
    45
    70
     0
     0
     0
     0
    15
     7
     0
     0
     0
     7
     0
     0
     0
     0
    70
    68
     0
    10
     8
    27
     0
     0
    67
    74
    10
     0
     6
     7
     0
    10
     0
     0
     0
     0
     0
     0
     0
     0
   188
    10
    11
     0
    16
    50
     0
     0
     0
     6
     0
    21
     0
    18
    18
     0
     0
     0
     0
     0
     0
     0
    10
     0
   125
     0
     0
    12
     0
    51
     0
     8
     0
    13
     0
    10
    35
    27
     9
     7
     0
     0
     6
     0
     0
     0
     0
     0
   125
    10
     0
     0
     0
    18
     0
     0
     0
     0
     0
     0
     9
     7
     8
     0
     0
     0
     0
     0
     0
     8
     0
     0
   181
     0
    22
     9
     0
    54
     0
     9
     0
     0
     9
    25
    17
     8
     0
     0
     0
     0
     0
     0
     0
     0
     0
     0
   142
     0
     0
     7
     8
    36
     0
     0
     0
    10
    12
    31
    14
    27
     8
     0
     8
     8
     0
     0
     0
     9
     0
     0
    78
   127
     8
     8
     0
     0
     8
     0
    47
    96
     0
     9
     8
    21
    59
    22
     0
     7
     0
     0
     0
     0
     0
     0
    88
    65
     8
     0
    20
     0
     8
     0
    54
    78
     0
     0
     0
     0
    44
    16
     0
     0
     0
     0
     6
     0
     0
     8
   159
    34
     0
     0
     9
    64
    19
     8
     0
     0
     7
     0
     8
    37
    17
     0
     0
     0
     0
     0
     0
     0
     0
     0
   152
     0
     0
    17
     0
    34
     0
     9
     0
     8
     0
     0
     9
    14
    42
     0
     0
     0
     0
     0
     0
     0
     0
     0
   126
     0
     0
     0
     8
   110
     8
     0
     7
     8
     9
    19
     0
     0
    39
     0
     0
     0
     0
     0
     0
     0
     0
    18
   187
     0
     0
     0
    19
    52
     9
     0
     0
     0
     7
     8
    29
    32
     6
     0
     0
     0
     0
     0
    18
     0
     0
     0
   136
     0
    20
     6
    15
    50
    12
     0
     6
     0
     9
     7
    18
    24
    11
     0
     9
     0
     0
     0
     0
     0
     0
     0
    64
    54
     0
     0
    17
     0
     0
    14
    33
    65
     0
    17
    14
     7
    23
     7
     0
     0
     0
     0
     0
     0
     0
     0
    67
    96
     0
     9
    12
     8
     0
     0
    22
    48
     0
     0
     9
     0
    24
     8
     0
     0
     0
     0
     8
     0
     0
     0
   144
    11
    10
     0
     0
    44
    10
    12
     0
    11
     6
     7
    28
     9
    27
     0
     0
     0
     0
     0
     0
     0
     0
     0
   146
    10
     0
     0
     9
    34
     0
     0
    14
     0
     0
    10
     8
    25
     0
     0
     0
     0
     0
     0
     0
     0
     0
     0
   250
     0
     0
     0
     0
    24
    23
     0
     0
     0
     0
    10
    19
    32
     0
     0
     0
     0
     0
     0
     0
     0
     0
     0
   101
    11
     0
     0
    10
    65
     0
     0
     0
    16
     0
     9
    15
    15
    10
     0
     0
     0
     0
     0
     0
     0
     0
     0
   167
     0
     0
     9
     9
    79
     0
     0
     0
     0
     0
    11
    18
     6
    13
     0
     0
     0
     0
    12
     0
     0
     0
     0
    76
    89
     0
     0
     0
     0
     0
     0
    17
    58
     0
     0
     0
    11
    14
    28
     0
    10
     0
     9
     0
     0
     0
     0
    62
    93
     0
     8
     9
     6
     0
     9
    28
    23
    10
     0
     0
    10
    35
    28
     0
     0
     0
     0
     0
     0
     0
     0
   175
     0
     8
     0
     0
    45
     0
     0
     0
     0
     0
    15
    41
     0
    17
     0
     0
     0
     0
     0
     0
     0
     0
     0
   157
     0
     8
     0
     0
    63
     0
    10
     0
     0
     0
     8
    15
    53
    11
     0
     0
     0
     0
     0
     0
     0
     0
     0
   173
    13
     0
     6
     0
    41
     0
     0
     0
     0
     0
    20
    45
     9
     0
     0
     0
     0
     0
     0
     0
     0
     0
     0
   106
    16
     7
    13
     0
    56
     7
     0
     0
     0
     0
    10
     0
     0
     0
     0
     0
     0
     0
     0
     0
     0
     0
     0
   151
     0
     0
     6
     0
    73
     0
     0
    18
     0
     0
    18
     6
    18
    16
     0
     0
     0
     7
     0
     0
     9
     0
     0
    72
    81
     0
     7
     0
    11
     0
     0
    16
    19
     0
     0
    16
    14
    16
    23
     0
     0
     0
     7
     0
     0
     0
     0
    75
    81
     8
     9
     0
     0
     0
     7
    57
    42
     0
     9
     0
     9
     0
     6
     7
     0
     0
     0
     0
     7
     0
     0
   128
     0
     0
     0
    10
    57
     9
     0
     8
     8
     0
     0
     0
    16
    24
     0
     0
     0
     0
     0
     0
     0
     0
     0
   136
     0
     0
     0
     0
    65
     0
    17
     7
     0
    10
    34
     0
     8
    23
     0
     0
     0
     0
     0
     0
     0
     0
     0
   150
     0
     0
     0
     0
    74
     0
    16
     0
     0
     0
    10
     7
    17
    41
     0
     0
     0
     0
     0
     8
     0
     0
     0
   182
     9
     0
     6
    12
    55
     8
     0
     7
     0
    22
     0
    25
     0
    20
     0
     0
     0
     0
     0
     0
     0
     0
     0
   172
     0
     7
    11
     0
    18
     6
     0
     0
     0
     9
    15
     8
    23
     0
     0
     0
     0
     0
     0
     0
     0
     6
     0
    47
   125
    10
     0
     0
     0
     0
     0
    56
    35
     0
    12
    10
    14
     0
    18
     7
     0
     0
     0
     0
    10
     0
     0
    78
    81
     9
     0
     0
     7
     6
     0
    24
    11
    18
     0
    10
    10
     0
     8
     0
     0
     0
     0
     0
     0
     0
     0
   163
     0
     8
     0
     0
    25
    10
     0
     0
     0
     0
     9
     0
    16
    11
     0
     7
     0
     0
     0
    11
     0
     0
     0
   149
     0
     8
     0
     0
    62
     0
     8
     0
     0
    10
    32
    18
    31
    15
     0
     0
     0
     0
     0
     0
     0
     0
     0
   138
     9
    13
     0
     0
    35
     7
     0
     0
     0
    14
    11
     0
    17
    22
    10
     0
     0
     0
     0
     0
     0
     0
     0
    91
    12
    18
     0
     0
    53
     0
     0
     0
     9
     0
    14
     9
    16
    11
     0
     0
    10
     0
     0
     0
     0
     0
     0
   159
     0
     0
     0
     6
    69
     0
     0
     0
     0
     6
     0
    10
    17
     0
     0
     0
     0
     0
     0
     9
     0
     0
     0
   108
   114
     0
     0
     0
     0
     0
    10
    32
    16
     7
     9
     0
    15
     9
    26
     0
     0
     7
     0
     8
     0
     0
     0
    80
    98
    16
     6
    11
     0
     6
     6
    25
    17
     7
    10
     0
    19
    16
     8
     0
     0
     0
     0
     0
     0
     0
     0
   156
     0
    12
     0
     9
    37
     0
     0
     0
    10
     0
     7
    12
     8
    18
     0
     0
     0
     0
     0
     0
     0
     0
     0
    92
     0
     0
     0
     0
    33
     0
     0
    15
     0
     0
    31
    24
     0
     0
     0
    10
     0
    10
     0
     0
     0
     0
     0
   123
     0
     0
    22
     8
     9
     7
     0
     0
     0
     0
    17
    14
    31
    39
     0
     0
     8
     8
     0
     0
     0
     0
    10
   108
     0
    15
     0
     0
    59
     0
     0
     0
     0
     0
     8
     8
     6
    17
     0
     0
     0
     0
     0
     0
     0
     0
     0
    72
     8
     0
     0
    10
    32
     0
     0
     8
     0
     0
    13
    38
    16
    16
     0
     0
     0
     0
     0
     0
     0
     0
     0
    76
    65
     0
     9
     0
     8
    10
     9
    51
    17
    10
     7
     0
     0
     8
     9
     0
     6
     0
     0
     0
     0
     0
     6
    49
    71
     0
     0
     0
     7
     0
     0
    24
    32
    10
    10
     9
     9
     9
     7
     0
     0
     0
     0
     0
     0
     0
     0
   194
     0
     8
    17
     0
     7
     0
     0
     0
     0
     0
     7
    23
     7
     6
     0
     0
     0
     0
     0
     0
     0
     0
     0
   173
     0
     0
     6
     0
    38
     0
     0
    11
     0
     0
     0
     0
     0
     9
     0
     0
     0
     0
     0
     0
     0
     0
     0
   160
     0
     0
     0
     0
    61
     0
     0
    10
     7
     0
    14
     0
    39
     7
     0
     0
     0
     0
     0
     0
     0
     0
     0
   167
     0
     8
     6
     0
    80
    10
     0
     0
     0
     0
     7
    10
    28
     0
     0
     0
     0
    15
     0
     0
     0
     0
     0
   105
     9
     0
    17
    10
     7
     9
     0
     0
     0
     0
    15
    10
    18
     7
     0
     0
     0
     0
     0
     0
     7
    11
     8
    85
    55
    10
     8
     0
     0
    20
    15
    30
    20
     0
     0
     0
    27
    13
    25
     0
     9
     0
     9
     0
     0
     0
     0
    79
    90
     0
     0
     7
     7
     0
    19
    31
    33
     0
     0
     6
    16
    10
    23
     0
     0
     0
     0
     0
     0
     0
     0
   201
     8
     8
     0
    18
    66
     0
     6
     0
     0
     0
    15
    15
     0
    20
     0
     0
     0
     0
     0
     0
     0
    12
     0
   168
     0
     0
     0
    11
    35
     8
     0
     0
     0
     0
     8
     8
     9
     7
     0
     0
     0
     0
     0
     0
     0
     0
     0
   123
     0
     9
     0
     0
    24
     0
     0
     0
     9
     0
    27
     7
    20
     0
     0
     0
     0
     0
     0
     0
     0
     0
     0
   111
     8
     0
     0
     9
    26
     0
     8
     6
    10
     0
     7
    16
    11
    17
    12
     0
     9
     0
     0
     0
     0
     0
     0
   191
     0
     8
     0
    10
    43
     0
     0
     0
    18
     0
    10
     0
    25
    38
     0
     0
     0
     0
     0
     0
     0
    10
     0
    25
    52
     0
     0
     9
     0
     8
     6
    27
    30
    10
     0
     0
    22
    12
    36
     0
     0
     0
     0
     0
     0
     9
     9
    82
    43
     0
     0
     9
     0
     8
     0
    65
    43
     0
     0
     7
    32
    16
    43
     0
     0
     0
     9
     0
     0
     0
     0
   126
     7
     0
     0
     0
    53
     0
    10
     0
     0
    14
     0
     7
     8
    14
     0
     0
     0
     0
     0
     8
     7
     0
     0
   106
     0
    11
     0
     6
   105
     0
     0
     0
    10
     0
     0
     8
     6
    15
     0
     0
     0
     0
     0
     0
     0
     0
     0
   106
     0
    10
     0
    10
    52
     0
    22
     0
     9
     0
     8
     8
     0
    10
     0
     0
     0
     0
     9
     0
     0
     9
     0
   128
     0
     0
     0
     0
    37
     0
     0
    11
     0
     9
    11
    53
     0
     7
     0
     0
     0
    10
     0
     0
     0
     0
     0
   213
     0
     0
     0
     0
    48
     0
    11
     0
     0
     0
     8
    10
    25
     0
     0
     0
     0
     0
     0
     0
     0
     0
     0
   103
    61
     0
    11
     7
    32
     0
     0
    42
    26
     0
    10
     0
    12
     0
     0
     0
     0
     0
     0
     0
     0
     0
     0
    66
    68
     0
     0
     0
     6
     0
     0
    23
    31
     0
     6
     0
     9
    17
    17
     0
     0
     0
     6
     7
     0
     0
     0
   116
    10
     8
     0
     0
    50
     0
    15
     0
     0
     9
    23
    24
     0
    25
     0
     0
     0
     0
     0
     0
     0
     0
     0
   163
     0
     0
     0
     0
    28
     0
     9
     0
     0
     0
     0
     7
     0
    19
     0
     0
     8
     0
     0
     0
     0
     0
     0
   129
     0
     0
     0
     0
    18
     0
     0
     7
     0
     0
    25
    31
     8
    16
     0
     0
     0
     0
     0
     0
     0
     0
     9
   153
     0
     0
     0
     9
    25
     0
    10
     0
     6
    18
    30
     9
     6
     7
     0
     0
     7
     0
     0
     0
     0
     0
     0
   102
     0
     0
    13
     6
    37
     0
    15
     6
     0
     0
     0
     8
     0
    14
     0
     0
     0
     0
     0
     0
     0
     0
     0
    48
    31
     0
     0
     0
     0
    12
     9
    47
    78
     7
     0
     6
     0
    24
    37
     0
     7
     6
     0
     0
     0
     0
     0
    94
   109
     0
    11
     0
     8
     0
    27
    51
    35
     0
    15
     0
     0
    32
    21
     0
     0
     0
     0
     6
     0
     0
     0
   120
     6
     0
     0
    17
    32
     0
     0
     0
     9
     7
     7
     7
    17
    15
     0
     0
     0
     0
     0
     0
     0
     0
     0
    95
     0
    17
    19
     0
    15
     0
    10
     0
     0
     0
    26
     0
     8
     6
     0
     0
     0
     7
     0
     9
     0
     0
     0
    84
     0
     0
     6
    16
    49
     0
    16
     7
     0
     0
     6
    20
    21
     0
     0
     0
     0
     0
     0
     8
     0
     0
     0
    84
     7
    16
     0
     0
    44
     0
     0
     0
     0
     0
     7
    11
     7
     8
     0
     0
     0
     0
     0
     0
     0
     0
     0
   138
     0
     0
     8
    10
     8
     0
     0
     0
     0
     0
     0
    18
     0
    32
     0
     0
    10
     8
     0
     0
     0
     0
     0
   105
    50
     0
     0
     0
     0
     0
     0
    20
    25
     0
     9
     7
    25
    31
    26
     0
     0
     8
    10
    10
     0
     0
     0
   115
    76
     0
     8
     9
     0
     0
     0
    48
    53
    16
     0
    20
    13
    37
    13
     0
     0
     0
     0
     0
     0
     0
     0
   126
     0
     6
     0
     0
    54
     0
     0
     0
     0
     0
     9
    30
     9
    17
     0
     0
     0
     8
     0
     0
     0
     0
     0
   173
     0
     8
     0
     0
    32
     0
     0
     0
     0
     0
    32
    16
     7
     0
     0
     0
     0
     0
     7
     0
     0
     0
     0
   166
     0
     0
     0
     0
    68
     0
    10
     0
     0
    17
    10
     7
    17
    10
     0
     0
     0
     0
     0
     0
     9
     0
     0
   132
     9
     0
     0
     0
    20
     0
     0
     0
     0
     0
     0
     0
    13
     6
     0
     0
     0
     0
     9
     0
     0
     0
     0
   152
     8
     0
     0
     0
     0
     0
     0
     0
    17
     0
     0
     0
    17
    10
     0
     0
     0
     8
     0
     0
     0
    10
     0
    72
    40
     0
     0
     0
     0
     0
     0
    40
     9
     8
    10
     0
    37
    33
    19
     0
     0
     0
     0
     0
     0
     0
     0
    70
   100
     0
     0
     9
     0
     0
     6
    50
    17
     9
     0
     0
     8
    18
    18
     0
     0
     0
     0
     0
     0
     0
     0
   185
    15
     0
     8
    13
     6
     6
     0
     9
     0
     0
     6
     0
     8
     0
     0
     0
     0
     0
     0
    10
     0
     0
     0
   160
     9
     0
     0
    11
    52
     0
     0
     6
     0
    10
     0
     8
    15
     0
     0
     0
     0
     0
     0
     0
     0
     0
     0
   137
     0
     0
     0
     9
    37
     0
    12
     0
     0
     7
     0
     8
    17
     0
     0
     0
     0
     0
     0
     0
     0
     0
     0
   129
     0
     0
     7
     8
    28
     0
     0
    13
     0
     0
     0
    17
    37
    10
     0
     0
     0
     0
     0
     0
     0
     0
     0
   107
    18
    19
     0
     0
    20
     0
     0
     0
     0
     0
    15
    17
    51
     6
     0
     0
     0
     0
     0
     0
     0
     0
     0
    64
    55
     0
     0
     0
     0
     8
     0
    28
    38
     0
     0
     0
    16
    21
     9
     0
     0
     0
     0
     0
     0
     0
     0
    96
    44
     0
     0
     0
     6
     0
     0
    44
    61
    10
     8
     0
     0
    27
    25
     0
     0
     0
     0
     0
     0
     0
     0
   119
     7
     0
    29
     0
    19
     0
     0
     0
     0
     0
    11
     0
     0
     0
     0
     0
     0
     0
     0
     0
     0
     0
     0
    61
     9
     7
     0
     0
    21
     0
     9
     0
     0
     0
     0
    28
    33
    31
     0
     0
     0
     0
     0
     0
     0
     0
     7
   121
     0
     0
     7
     0
    33
    18
     8
     0
     9
     0
    28
     0
     0
     7
     0
     0
     6
     0
     0
     0
     0
     0
     0
   133
     0
     0
     8
    35
    28
     8
     0
     0
     8
    20
     9
    19
     8
     0
     0
     0
     0
     0
     8
     0
     0
     0
     0
   148
     7
     7
     0
     0
    46
     0
    10
     0
     0
     7
    38
     9
     7
    19
     0
     0
    12
     0
     0
     8
     0
     0
     7
    44
    96
     0
     8
     9
    11
     0
    14
    56
    53
     0
     0
     8
     0
    44
     9
     0
     0
     0
     0
     0
     0
     0
     0
    90
    35
     7
     0
     9
     0
     0
     0
    33
    49
     0
     0
     7
    32
    17
    28
     0
    11
     0
     0
     0
     0
     0
     0
   115
     7
     9
     0
     6
    47
    12
     0
     0
     0
     0
    19
    10
    19
    17
    10
     0
     0
     0
     0
     0
    12
     0
     0
   128
    12
    18
     0
     0
    66
     0
     0
     0
     9
     0
    28
    18
    17
     0
     0
     0
     0
     0
     0
     0
     0
     0
     0
   129
     0
     0
     0
     0
    31
     0
     0
     0
     0
     0
     0
    15
     7
    18
     0
     0
     0
     0
     9
     0
     0
     0
     0
   209
     7
     8
     0
     0
    83
     0
     9
     0
     8
     0
    14
     8
     9
     6
     0
     0
     0
     0
     0
     0
     0
     0
     0
   105
     0
     0
     0
     0
    44
     0
     0
     0
     6
     8
    13
    12
     8
     9
     0
     9
     0
     0
    14
     0
     0
     0
     0
    88
   117
     0
     8
     0
     0
     0
     0
    38
    50
    11
     0
    11
    40
    68
     7
    10
     0
     6
     0
     0
     0
     0
     0
    86
    51
    10
    10
    10
     0
     0
     0
    51
    54
     0
     0
     8
     0
    15
     8
     0
     0
     0
     0
     0
     0
     0
     0
    98
     6
    16
    15
    19
    58
     9
     0
     0
     0
     8
     7
     9
     7
     0
     0
     7
     0
     0
     0
     0
     0
     0
     0
   124
     0
     0
    10
     0
     7
     0
     0
     0
     0
     9
     0
    35
     8
     0
     0
     0
    10
     0
     0
     0
     0
     0
     0
    72
    10
     8
     6
     0
    29
     0
     8
     6
     8
     0
     8
    38
     0
     6
     0
     0
     0
     0
     0
     0
     0
     0
     0
   169
     0
     0
     0
     0
    45
     0
     0
    17
     0
     9
    16
     0
    11
    18
     0
     0
     0
     0
     0
     0
     0
     0
     0
   167
     0
     0
     0
     0
    79
     0
     0
     9
    12
     0
    41
     8
    10
    20
     0
     0
     0
     0
     0
     0
     0
     0
     0
   132
    73
     0
     0
     0
     0
     0
     0
    18
    81
     0
     9
     0
    11
    20
     0
     0
     0
     8
     7
     0
     0
     0
     0
    69
    52
     0
    20
     9
     7
     0
    11
    22
    33
     0
     7
     0
    16
     0
     6
     0
     0
     0
     0
     0
     0
     9
     0
   137
    16
     0
     0
    10
    37
     0
     7
     0
     0
     0
    18
     0
     0
    25
     0
     0
     0
     0
     7
     8
     0
     9
     0
    87
     8
     0
    10
    17
    43
    16
     8
     8
     9
     0
     0
     0
    19
     0
     0
     0
     0
     0
     0
     0
     0
     0
     8
   109
     0
    19
     0
     7
    26
     7
     0
     0
     0
     0
     0
     9
     7
     0
     0
     0
     0
     8
     0
     0
     0
     0
     0
   152
     0
     0
    16
     0
    37
     0
     0
     0
     0
     0
     0
    37
    10
     0
     0
     0
     0
     0
     0
     0
     0
     0
     0
   139
     0
     0
    17
     0
    31
     0
     0
     9
     0
     0
    28
    22
     0
    25
     0
     8
    15
     0
     0
     0
     0
    15
     0
    57
    45
    20
     6
     0
     0
     0
     6
    30
    23
     0
    17
     0
    13
    11
     8
    11
     0
     0
     0
     0
     0
     0
     9
    49
    53
     0
     0
     0
    11
     0
     8
    29
     8
     0
     0
     0
    10
    17
     0
     0
     0
     0
     7
     0
     0
     0
     0
   134
    10
    16
     0
     0
    37
     0
     0
     0
     0
     6
     9
    12
     6
    33
     0
     0
     0
     0
     0
     0
     0
     0
     0
   151
     0
     0
     0
    14
    35
     8
     0
     0
     0
     0
    21
     6
     8
    10
     0
     0
     0
     0
     0
     0
     0
     7
     0
   191
     9
     7
     0
     8
    59
     0
     0
     6
     0
     8
    16
    23
     6
     9
     0
     0
     0
     0
     0
     0
     0
     6
     0
   139
     0
     0
     0
     9
    35
     8
     7
     0
     0
     6
    15
     8
    16
     0
     0
     0
     0
     0
     0
     0
     8
     0
     7
   111
     0
     0
     0
    21
    36
     0
     0
     0
     0
     0
    33
    17
     7
    16
     0
     0
     0
     0
     0
     0
     0
     9
     0
    56
    70
     0
     9
     6
    10
     0
    10
    26
    16
     0
     6
     0
    15
    19
    21
     0
     0
     0
     0
     0
     0
     0
     0
    52
    69
     0
     7
     0
     8
     0
     0
    36
    17
    12
     0
     0
    17
    18
     8
     0
     0
     0
     0
     0
     0
     0
     0
   164
     6
     0
     8
     0
    22
     0
     0
     7
     0
     0
     9
    13
    10
    11
     0
     0
     0
     0
     0
     0
     0
     0
     0
   178
     0
     0
     0
     0
    16
     0
     0
     8
     0
     0
     9
     9
     0
    24
     0
     0
     0
     0
    11
     0
     0
     0
     0
   110
     0
     0
    10
     0
    39
     0
     0
     0
     0
     0
     6
    10
     0
    10
     0
     0
     0
     8
     0
     0
     0
     0
     0
   113
     0
    11
     0
     7
    37
     0
    19
     0
     7
    11
    21
     0
     9
    31
     0
     0
     0
     0
     0
     0
    10
     0
     0
   163
     0
     0
     0
     0
    53
    11
     6
     0
    10
     0
    10
    18
    16
    28
     0
     0
     0
     0
     0
     0
     0
     0
     0
    36
    64
     0
     0
     8
     9
     0
     0
    21
    21
     0
     6
     7
    16
    18
    15
     0
     7
     0
     0
     0
     0
     0
     7
    56
    76
     0
     0
    20
    19
     8
     0
    57
    25
     0
     6
     0
     7
     6
    15
     0
     0
     0
     0
     0
     0
     0
     0
    47
     0
    18
     0
     0
    35
     8
     8
     0
     0
     0
    10
     0
     8
    17
     0
     0
     0
     0
     0
     0
     0
     0
     0
   126
     0
    11
     0
     0
    43
    11
    15
     0
     0
     7
     8
     0
    15
    13
     0
     0
     0
     0
     0
     0
     0
     0
     0
   113
     0
     9
     0
    11
    53
     7
     8
     7
     0
     0
     8
    19
    32
    18
     0
     0
     0
     0
     0
     0
     0
     0
     0
   191
     0
     0
     0
     0
    57
     0
     8
     0
     8
     0
    13
    11
     8
     0
     0
     0
     0
     0
     0
     0
     0
     0
     0
    52
    17
     0
     0
     0
    41
     0
     0
     0
    15
     0
    40
     0
     0
    18
     0
    14
     0
     0
     0
     0
     0
     0
     0
    80
   110
     0
     0
     0
     0
     0
    16
    22
    26
     0
     0
     0
    13
    11
    16
     0
     0
     0
     0
     0
     8
     0
     9
    51
    78
     7
     0
     9
     0
     0
    19
    27
    54
     0
     0
    10
    29
    32
    18
     0
     0
     0
     0
     0
     0
     0
     0
   151
    19
     0
     8
     0
    47
     0
     0
     0
     0
     8
    23
    25
     9
     9
     0
    12
     0
     0
     0
     9
     0
     0
     0
   177
     0
     0
     7
    17
    53
     0
     0
     0
     0
     0
    18
    28
    26
    43
     0
     0
     0
     0
     0
     0
     0
     8
     0
    88
     9
     8
    17
     0
    30
     0
     0
     0
     0
     0
    24
    14
    30
     0
     0
     0
     0
     0
     0
    10
     8
     0
     0
    75
     0
     7
     9
     0
    67
     0
     0
     0
    20
     0
     6
    16
    19
     0
     6
     0
     0
     0
     0
     0
     0
     0
     0
    71
     0
     0
     9
     0
    23
     0
     6
     0
     0
     0
     0
    28
    24
    19
     0
     0
     0
     0
     0
     0
     0
    10
     0
   127
    78
     0
    10
    18
     0
    11
     0
    52
    43
     6
    10
     0
     0
    26
    18
     9
     0
     0
     7
     0
     0
     0
     0
    84
    57
    20
     0
    17
     7
     0
    16
    24
    27
     0
     9
     0
    20
     8
    12
     0
     0
     6
     0
     0
     8
     0
     0
   158
     0
     0
     0
     0
    65
     0
     0
     0
     0
     0
     9
     0
    37
    31
     0
     0
     0
     0
     0
     0
     0
     0
     0
   138
     6
     0
    19
     0
    15
     0
    26
     0
     0
     0
     0
    18
    12
     0
     0
     0
     9
     0
     0
     0
     0
     0
     0
   118
     0
     0
     0
     7
    40
     0
     0
     0
     0
     0
    16
    17
    17
    41
     0
     0
     0
     9
     0
     0
     0
     0
     0
   133
     0
     0
    11
     8
    61
     0
     9
     0
     0
    11
    17
     8
    34
     7
     8
     0
     0
     0
     0
     0
     0
     0
     0
   122
     0
     0
     0
     0
    17
     0
     0
     0
     0
     6
    22
     0
     6
     7
     0
     0
     0
     8
     0
     6
     0
     0
     0
    97
    56
     7
     0
     7
     0
     0
     0
    33
    24
    10
     0
     0
     8
    18
     0
     9
     0
     0
     0
     0
     0
    11
     0
    89
   107
    17
     0
     7
    10
     8
     0
    64
    38
     0
     8
     0
    16
    17
     7
     0
     0
     0
     0
     0
     0
     0
     0
    81
     0
     0
     0
     0
    22
     0
    12
     0
     0
     0
    15
    14
    32
     8
     0
     0
     0
     0
     0
     0
     0
     0
     0
   144
     0
     0
     0
     0
    18
     8
     7
     0
     9
     6
     0
     0
     0
    27
     0
     0
     0
     0
     0
     0
     0
     0
     0
   116
     9
     0
     9
     6
    49
     0
     9
     0
    10
     0
     0
     7
     7
    11
     0
     0
     0
     0
     0
     0
     0
     0
     0
   127
     6
     7
     0
     8
    32
     6
     7
     8
     0
     0
     6
    11
     9
    34
     0
     0
     0
     0
     0
     0
     0
     0
     0
   142
     6
     0
     0
     8
    68
     0
     0
    17
     0
     7
     0
     6
    19
    27
     0
     0
     0
     0
     0
     0
     0
     0
     0
    89
   115
    16
    16
     0
     0
     0
     0
    37
    40
    11
     0
     0
    31
    10
    23
     0
     0
     0
     0
     0
     0
     0
     0
    58
    36
     0
     0
     0
    16
     0
    10
    68
    42
     0
     0
     0
    20
    18
    44
     0
     0
     0
    11
     0
     0
     0
    18
   121
     0
     0
    18
     0
    55
     9
     0
    15
     0
     0
     0
     9
    25
    25
     0
     0
     0
     0
     0
     0
     0
     0
     0
   114
     0
     9
     7
     0
    19
     0
     0
     0
     0
     0
     6
     0
    40
    14
     9
     0
     0
     0
     0
     0
     0
     0
     0
   117
    11
     0
     9
     7
    75
    12
     0
     0
     0
     0
     8
     0
    12
    22
    11
     0
     8
     0
     0
     0
     0
     0
     0
   112
     9
     0
     6
     0
    63
     0
     0
     0
     9
     0
     7
     0
     0
     9
     0
     0
     0
     0
    12
    11
    14
     0
     0
    90
     0
    11
    17
     0
    55
    10
     6
     7
     9
     0
     0
     8
    31
     0
     0
     0
     0
     0
     0
     0
     0
     0
     6
   116
    78
    10
     0
     0
    12
     9
     0
    23
    66
     8
     0
     0
    15
     0
     8
     0
     0
     0
     0
     0
     0
     0
     0
    73
    52
     0
     0
     0
     0
     0
     0
    19
    26
     0
     8
     0
    17
    17
    11
     0
     6
     0
     0
     0
     0
     0
     0
   182
     0
     0
     8
     0
    26
     7
    10
     0
     8
     0
    19
     0
    15
     7
     0
     0
     0
     0
     0
     0
     0
     0
     0
    45
     0
     0
     0
     0
    25
     0
     0
     0
     0
     0
    25
    33
    21
     9
     0
     0
     0
     0
     0
     0
     0
     0
     0
   180
     8
     0
     8
     0
    39
     6
    18
     9
     0
     0
    15
     8
    10
     6
     0
     0
     0
     0
     0
     0
     0
    12
     0
   116
     0
     0
     8
     8
    24
     0
     0
     0
     0
     0
     9
     0
    25
     7
     0
     0
     0
     8
     0
     0
     0
     0
     0
    99
    20
     0
     0
     0
    45
     0
    11
    17
     0
     0
    15
     0
     8
     0
     0
     0
     6
    14
     7
     0
    10
     0
     0
    62
   132
     6
     8
     0
     0
     0
     0
     8
    38
     0
     0
     9
     7
     0
     0
     0
     0
     0
     0
     0
     0
     0
    10
    98
   107
     0
     0
    12
     0
    10
    11
    26
    45
     0
     9
     0
    17
    16
    26
     0
     8
     7
     0
     7
     0
     0
     0
   133
     0
     9
     0
     0
    28
     0
     6
    20
     0
     0
     9
    26
    11
     0
     0
     0
     0
     0
     0
     0
     0
     0
     0
   166
     7
     0
     0
     0
    76
     0
     0
     9
     6
     0
    23
     8
    23
     7
     0
     0
     0
     0
     0
     0
     0
     7
     0
   142
     0
     0
     0
     0
    70
     7
     0
    11
     0
     8
     7
    16
     0
    21
     0
     0
     0
     0
     0
     0
     0
     0
     0
   159
     7
    18
     0
     0
    67
     0
     0
     0
     8
     0
    16
    42
     0
     7
     0
     0
     0
     9
     0
     0
     0
     0
     0
   135
     0
     6
     0
     0
    55
     0
     0
     0
    11
     8
     8
     0
    34
     9
     0
     0
     0
     0
     0
     7
     0
     8
     0
   123
   110
     9
     0
     0
    16
     6
     0
    47
    32
     8
     8
    17
     0
    17
    18
     0
    19
     0
     6
     0
     0
     0
     0
    64
    94
     0
     0
     0
     0
     9
     0
    31
    63
    13
     9
     0
    30
    36
     7
     9
     0
     0
     0
     0
     0
     0
     0
   148
     9
     6
    14
     7
    20
     0
     0
     0
    11
     0
    34
    10
    10
    34
     0
     0
     6
     0
     0
     9
     0
     0
     0
   122
     8
     0
     0
     0
    70
     0
     0
     7
     6
     0
    17
    20
    17
     0
     0
     0
     0
     0
     0
     0
     0
     0
     0
   102
    17
     0
     7
     0
    34
    12
    18
     7
     0
     0
    30
    32
    12
    32
     0
     0
     0
     0
     0
     0
     0
     0
     0
   147
     0
     8
     0
     8
    23
    10
     0
     9
     0
     0
    28
    10
    15
    42
     0
     0
     9
     0
     0
     0
     0
     0
     0
    73
     0
     0
     8
     0
    41
     9
     0
    12
     0
     0
     0
    19
     0
    31
     0
    10
     0
     0
     0
     0
     0
     0
     0
    35
   117
     0
     0
     0
     9
     0
     0
    55
    59
    24
     9
    15
    16
     7
     0
     8
     0
    13
     6
     0
     0
     0
     6
    90
    49
     0
     0
    12
     0
     0
     0
    46
    32
     0
     0
     0
     7
    25
     0
     0
     0
     0
     0
     0
     0
     0
     0
   194
     0
     6
     7
     0
    48
     8
     0
     0
     6
    10
    41
     6
    24
    18
     0
     0
     0
     0
     0
     0
     0
     0
     0
    99
     0
     0
     0
     0
    56
    10
    10
     0
    10
     0
     9
    19
    26
     0
     0
     0
     0
     0
     0
     0
     0
     0
     8
   128
     6
     7
     0
     0
    35
     0
     9
     0
     0
     0
    33
    12
    42
    28
     0
     6
     0
     0
    12
     0
     0
     0
     8
   144
    20
     0
     0
     0
    55
     0
     8
     0
    10
     0
     7
     8
     9
     9
     0
     0
     0
     0
     0
     0
     0
     0
     0
   115
     0
     0
     6
    16
    32
     7
     0
     9
    17
     0
     7
    30
    29
    16
     0
     0
     0
     9
     0
     0
     0
     0
     0
    50
    66
    18
     0
     9
     7
    12
     0
    24
    49
     0
     0
     0
     0
    10
    24
     0
     9
     0
     0
     0
     0
     0
     0
    61
    23
    11
     7
     0
     0
     0
    17
    70
    27
     0
     9
     7
    17
     8
    43
     0
     0
     0
     0
     0
     9
     0
     0
   108
     0
    18
    11
     0
    63
     0
     0
     0
     0
     0
    10
    10
    13
    29
     0
     0
     0
     0
     0
     0
     0
     0
     0
   177
     0
     0
     0
    10
    55
     0
     6
     0
     0
     0
     6
    28
    41
    15
     0
     0
     0
     0
     0
     0
     0
     0
     0
   143
     0
     0
     0
     0
    65
     0
     0
     0
     0
     9
    23
     0
    12
    33
     0
     0
     0
     0
     0
     0
     0
     0
     0
   118
     0
     8
     0
     0
    15
     6
     7
     0
     0
     0
    29
    27
    15
     7
     0
     0
     0
     0
     0
     0
     0
     0
     0
   122
     8
    26
     6
     6
    36
    10
    11
    10
     0
    10
    28
    11
    32
    22
     8
     0
     0
     0
     0
     7
    16
     0
     0
    69
    61
     0
     7
     8
     0
     6
    10
    39
    67
    12
     0
     0
    19
     9
    20
     0
     0
     9
     8
    22
     0
     0
     0
    69
   111
    17
     0
     0
     0
     8
     0
    39
    35
     0
    17
     0
    14
     9
    35
     0
     0
     0
     0
     0
     0
     6
     8
   121
     0
    10
     0
     0
    42
     0
     0
     0
     0
     0
    12
    28
    26
     0
     0
     0
     0
     0
     0
     0
     0
     0
     0
    80
     0
     0
     0
     0
    65
     6
    10
     0
     0
     0
     0
    15
    29
     0
     0
     0
     0
     0
     0
     0
     0
     0
     0
   113
    10
     0
     0
     0
    64
     6
     0
     0
     7
     0
    26
     7
    27
     7
     0
     0
     0
     0
     0
     0
     9
     0
     0
    71
     0
    10
     0
    16
    29
     0
     9
     0
    18
     0
     6
    25
    11
     6
     0
     0
    11
     0
     0
     0
     0
     0
    10
   153
     0
    17
     0
     9
    40
     0
     7
     0
     0
     0
    26
    28
    11
    18
     0
     8
     0
     0
     0
     0
     8
     0
     0
    97
   124
    11
     6
     6
     0
    17
     0
    29
     0
     8
     0
     0
    16
    23
    21
     6
     0
     0
     0
     0
     0
     0
     0
    52
    75
     0
     0
     0
     0
     0
     0
    28
    48
    10
     0
     0
    21
    33
    37
     0
     0
     0
     0
     0
     0
     6
     0
   138
     0
     0
     0
     0
    44
     0
     7
     0
     0
     7
     7
     0
    41
     0
     0
     0
     0
    10
     0
     0
     0
     0
     0
    96
    10
     0
     0
     0
    15
    19
     0
     6
     0
     0
     0
     0
    14
    18
     0
     0
     0
     0
    10
     0
     0
     8
     0
   138
     0
     0
     6
     0
    87
     0
     0
     0
     0
     0
    27
    10
     0
    30
     0
     0
     0
     0
     0
     0
     0
     0
     0
   199
     0
    17
     0
     0
    31
     9
     0
     0
    11
     0
     9
    16
     0
     7
     0
     0
     0
     0
     0
     0
     0
     0
     0
   122
    11
     0
     9
     0
     9
     0
     7
     0
     7
     8
     0
     9
    15
     8
     7
    16
     0
     0
     0
     0
     0
     0
    16
    93
   116
     0
     9
    19
     0
    11
     0
    50
    54
     6
     6
     0
     8
     8
    30
     0
     0
     0
     0
    11
     0
     0
     0
    84
    53
     6
    20
     6
     0
     0
     0
    64
    41
     8
     0
     0
    27
    12
     0
     0
     0
     0
     0
     0
     0
     0
     0
   117
     0
     0
     0
     0
    32
     8
     0
     0
    16
    20
    30
     8
    20
    19
     0
     0
     0
     0
     0
     0
     0
     7
     0
   170
    11
     0
     0
     0
    48
     8
     0
     0
     0
    14
     7
     7
    10
     9
     0
     0
     0
     0
     0
     0
     0
     9
     0
   233
     0
     0
     0
     0
    59
     0
     7
     0
     0
     0
    12
     7
    16
    58
     0
     0
     0
     0
     0
     0
     0
     0
     0
   118
     0
     0
     0
     8
    48
     0
     0
     0
     8
     0
     0
    37
    16
     6
     0
     0
     0
     0
     0
     0
     0
     0
     0
   158
     0
     6
     0
     8
    40
     0
     0
     8
     0
     0
     9
     9
    12
     0
     0
     0
     0
     0
     0
     0
     6
     0
     0
    66
    69
    16
     0
     0
     0
     0
     0
    78
    35
     7
     0
     6
    28
    28
    10
     0
     8
     0
     0
     7
     7
     0
     0
   128
   120
     0
     0
     7
     0
     9
     0
    59
    30
     9
     0
    19
    53
     6
    19
     0
     0
     0
     0
     0
     0
     0
     0
   150
     0
     0
     8
     0
    67
    26
     0
     0
     0
     0
    27
    14
     6
    18
     0
     0
     0
     0
     0
     0
     0
     0
     0
   127
     0
     0
     7
    15
    47
     0
     0
     0
     0
     0
    15
    29
    19
     0
     0
     0
     0
     0
     0
     0
    10
     0
     0
   159
     0
     9
     0
     8
    54
     8
     0
     7
     0
    10
     0
    13
    20
    14
     0
     0
     0
     0
     0
     0
     0
     0
     0
   146
     0
    10
     0
     0
    41
     6
     0
     0
     0
     0
     8
     7
    39
     9
     0
     0
     0
     0
     0
     0
     0
     0
     0
   144
     0
     0
     0
     0
    53
     0
     0
     8
     9
     0
     7
    15
     0
    10
     0
     8
     0
    17
     0
     0
     0
     0
     7
   131
    64
    16
     9
     0
     8
     0
     0
     7
    35
     7
     0
     0
     7
    25
     0
     0
     0
     0
     8
     0
     0
     0
     0
    62
   113
     0
     8
     8
     6
     0
     0
    36
    30
     0
     7
    18
    38
     8
    36
     0
     0
     0
     0
     0
     0
     0
     0
   172
     0
     9
     0
     0
    37
     0
     0
     0
     0
     6
     6
    41
    37
     9
     0
     0
     0
     0
     0
     0
     0
     0
     0
   168
     0
     0
     7
     0
    52
     0
     0
    15
     0
     0
     0
    30
    18
    25
     0
     0
     0
     0
     0
     0
     0
     0
     0
   176
     0
     0
     9
     0
    55
    13
     0
     0
     0
     8
     0
    18
    39
    26
     0
     0
     0
     0
     8
     0
     0
     0
     0
   186
     0
     0
     6
     0
    39
     0
     0
     0
     0
     8
     7
     8
    15
    14
     0
     0
     0
    10
     0
     0
     0
     0
     0
   100
    16
     0
    21
     0
    44
     0
     0
     0
     0
     0
     8
    16
    18
    27
     8
     0
     0
     8
     0
     0
    10
     7
     0
    73
    91
     7
     0
     0
     6
     8
     8
    72
    76
     0
     6
     6
     0
    17
    12
     0
     0
    19
     0
     0
     0
     0
     0
    75
    79
     9
     0
     0
     0
    10
     0
    37
    49
     9
    12
     0
     9
     0
    18
     0
     0
     9
     0
     0
     6
     0
     0
   125
     0
     0
     0
     0
    34
     0
     0
     0
     0
     0
    13
     0
     0
    30
     0
     0
