     0
     0
     0
     0
     0
     0
     0
   135
    16
     9
     0
     7
    66
     8
    10
     0
    21
     0
    23
    23
    16
    23
     0
     0
     0
     0
     0
     0
     0
     0
     0
   132
     0
     9
    11
     0
    40
     0
     0
     0
     0
    10
    17
    12
    25
     6
     0
     0
     0
     0
     0
     0
     0
     0
     0
   228
     0
     6
     0
     0
    46
     0
     0
     0
     0
     0
     0
    10
    26
    23
     0
     0
     0
     6
     0
     0
     0
     0
     0
   232
    16
    10
     7
     0
   117
     0
    11
    15
     0
     0
    17
     7
    51
     0
     0
     0
     0
     0
     0
     0
     0
     0
     0
   181
     0
     0
     8
     0
    34
     8
     0
    16
     0
     9
    22
     7
     0
    15
     0
     0
     0
     0
     0
     0
     0
     0
     0
   154
    47
     0
     0
     0
     0
     8
     0
    62
    29
     0
     0
     0
     8
    16
    26
     0
     9
     0
     0
     0
     0
     0
    15
    90
    94
    20
     0
     0
     9
     0
     0
    38
    52
     0
     0
    10
    22
    20
    53
     0
     0
     0
     0
     0
     0
     0
     0
   171
     0
     0
     0
     0
    65
     8
     0
     8
     9
     0
     9
    28
     6
    26
     0
     8
     7
    11
     9
     0
     0
     0
     0
   186
     0
     8
     0
     7
    42
    12
     8
     0
    11
     0
     8
     9
    16
    60
     0
     0
     0
     0
     0
     0
    12
     0
     0
   164
     0
     0
     9
     0
   105
     0
    10
    16
     0
     8
    11
     0
    14
     9
     0
     0
     0
     0
     0
     0
     9
     0
     0
   210
     9
     0
    32
     0
    52
     0
    12
     0
     0
     6
    26
     8
    20
    33
     0
     0
     0
     0
     0
     0
     0
     0
     0
   192
     9
    16
     0
     0
    61
     0
     0
     6
     0
     0
     6
    39
    17
    32
     0
     0
     0
     0
    13
     0
     0
     0
     0
   117
    88
     0
     0
     8
     0
     0
     9
    49
    92
     0
    17
     0
    46
    30
    36
     0
     0
     0
     0
     0
     0
     0
     7
    49
   134
     8
     0
    17
     0
     6
     9
    27
    78
     0
     0
     0
    36
    18
    31
     0
     0
     0
     0
     0
     0
     0
     0
   227
     0
     6
     8
     0
    19
     0
     8
     0
     0
    19
     0
    41
    31
    50
     0
     0
     0
     0
     0
     0
     6
     0
     0
   212
     0
     0
     0
     0
    53
     0
     0
     9
     0
     8
    38
    13
     6
     7
     0
     0
     0
     0
     8
     0
     0
     0
     0
    99
     0
     0
     0
     8
    46
     0
     0
     7
     0
     6
     0
     0
    36
     7
     0
     0
     0
     0
     0
     0
     0
     0
     0
   212
     9
     9
     0
     8
    50
     0
     0
     0
     0
     0
    26
     8
    25
    45
     0
     0
     0
     0
     8
     0
     0
     0
     0
   127
    10
     0
     8
    17
    46
     9
    23
     0
     9
     0
    16
    38
    36
     7
     0
     0
     0
     0
     0
     0
     6
     0
     7
   116
   116
     8
    10
     7
     7
     0
     0
    83
    76
     6
     0
    12
    23
    27
    18
     0
     8
     0
     0
     0
     0
     0
     0
    85
    85
     0
     8
    22
     0
     0
     0
    46
    37
     0
     0
     0
    18
    14
    22
     9
     0
     0
     0
     0
     0
     0
     0
   176
     9
     0
     9
    15
     0
     0
     0
    38
     0
    10
    13
    18
    38
    36
     0
     0
     0
     0
     0
     0
     0
     0
     0
   156
     0
     0
     0
     0
    49
     0
    17
     0
     0
     0
     8
     7
    29
    50
     0
     0
     0
     0
     0
     0
     0
     0
     0
   259
     0
    16
    15
     0
    62
     0
     0
     8
    15
     8
     0
    17
    10
     0
     0
     0
     0
     0
     0
     0
     8
     0
     0
   170
     8
     8
     0
     0
    72
    18
     0
    15
    10
     0
     8
    10
    25
     8
     0
     0
     0
     0
     0
    11
     0
     0
     0
   171
     0
     0
     0
    15
    66
    11
    12
     0
     0
     0
     7
     0
     9
     8
     0
     0
     0
     0
     0
    10
     0
     9
     0
   115
    50
     0
     8
     0
     0
     0
     0
   104
    52
     7
    17
     0
    38
    17
    38
     0
     0
     0
     6
     0
     0
    11
     0
    84
    73
     0
     0
    16
    12
     0
     8
    95
   123
     7
     0
     0
    17
     7
    16
     0
     0
     0
    10
     0
     0
     0
     0
   200
     9
     0
     9
     0
    66
     8
     9
    19
    11
     0
     0
    25
    21
    27
     0
     0
     0
     0
     0
     0
     0
     0
     0
   147
     0
     0
     8
    10
    75
     0
    11
    17
     0
     8
    21
    16
    25
    42
     0
     0
     0
     0
     0
     0
     0
     0
     0
   252
     0
     0
    15
     0
    14
    10
     0
     0
    27
     0
    37
    11
    15
    19
     0
     0
     7
     0
     0
     0
     0
     0
     0
   153
     0
     0
     0
     0
    62
     0
    18
    11
     0
     0
    17
    17
    21
    39
     0
     0
     0
     0
     0
     0
     0
     0
     0
   185
     0
     0
     0
     8
    40
     0
     0
     8
     9
    10
     0
    19
    14
     0
     0
     0
     0
    12
     0
     0
     0
    10
     0
    81
    65
     0
     0
     0
     9
     0
    14
    62
    63
     0
    18
     0
     9
    28
    23
    10
     8
     0
     0
     0
    18
     0
     0
    71
    95
     0
    11
    12
     8
     9
    29
    39
    58
     0
     6
     0
    29
    24
    25
     0
     0
     0
     0
     0
     0
     0
     0
   203
     0
     7
     0
     7
    65
     0
     0
     0
    11
     0
    13
    13
    40
    27
     0
    11
     0
     0
     0
     0
     0
     0
     0
   209
     8
    17
     7
     0
    72
    10
     0
    12
     0
     9
    10
    41
     8
    29
     0
     0
     0
     0
     0
     0
     0
     0
     0
   161
     0
     0
     7
     0
    19
    10
     0
     0
     7
     7
     9
    24
    10
     7
     0
     0
     0
     0
     0
     0
     0
     7
     0
   199
     0
     0
     9
     7
    61
     9
    17
     0
     0
     0
    60
    47
    11
    18
     0
     0
     0
     9
     0
     6
     0
     0
     0
   203
     6
     0
     9
    14
    85
     0
    10
     0
    11
     0
     0
     8
    18
    46
     0
     0
     0
     0
     0
     6
     0
     0
     0
    51
   114
     9
     0
    14
     6
    26
     0
    55
    67
     0
     0
    17
     0
    34
    19
     0
     0
     8
     0
    10
     0
    15
    14
   103
   151
     0
    12
     0
     0
     9
     0
    44
    73
     0
    19
     0
     7
    34
    26
     0
     0
     0
     0
     0
     0
     0
     0
   120
     6
    15
     0
    17
    42
    11
     0
    11
     7
    18
    18
     0
    15
     0
     0
     0
     0
     0
     0
     0
     0
     0
     0
   252
     0
    11
     6
    12
    33
     0
     0
     0
    27
    24
    25
    17
    22
     7
     0
     0
     0
     0
     0
     0
     0
     0
     0
   130
     0
     9
     0
     0
    46
     0
     0
     0
     0
     0
    13
     9
    19
    25
     0
     0
     0
     0
     0
     0
     0
     0
     0
   138
     0
    12
     0
    16
    61
     0
    14
     9
     0
     0
     6
    17
    44
     0
     0
     0
     0
     0
     0
     0
     0
     0
     0
   208
     0
     8
     0
     0
    70
     0
     0
    11
     6
     0
    23
    10
    24
     0
     0
     0
    10
     9
     0
     8
     0
     0
     8
    86
   130
     0
     9
     0
     7
     8
     0
    79
    86
     0
     0
     0
    14
    32
    19
     0
     0
    10
     0
     7
    11
     0
    16
   131
   138
     0
     8
     0
     7
    16
    12
    29
    25
     0
     0
     0
    38
     8
    27
     0
     0
     0
     0
     0
     0
     0
     0
   181
     0
     0
     0
     0
    85
    15
     9
     0
     9
     8
    18
     9
    38
     9
     0
     0
     0
     8
     0
     0
     0
     0
     0
   255
     0
    10
     0
    10
    77
     0
    17
     0
     0
     0
     0
    12
     8
     0
     0
     0
     0
     0
     0
     0
     0
     0
     0
   224
    18
     0
     6
     0
    46
     0
     0
    18
     0
     0
    15
    23
     8
    26
     0
     0
     0
     0
     0
     0
     0
     8
     0
   198
     6
     0
     6
     7
    34
     0
     0
     0
     0
     0
    16
    14
     7
    18
     0
     0
     0
     0
     0
     0
     0
     0
     0
   135
    10
     0
     0
     0
    64
     0
     0
     0
     0
     9
    16
    14
     9
    53
     0
     8
     0
     0
     0
     0
    21
     0
     0
   104
   106
     0
     0
     8
     0
     7
    11
    36
    33
     9
     8
    11
    25
    58
    36
     8
     0
     0
     7
     0
     7
     0
     0
   132
   155
     0
     9
     0
     9
     0
     0
    70
    40
     0
     0
     0
     0
    19
    10
     0
     0
     0
     0
     0
     0
     0
     0
   198
     0
     0
     0
     6
    71
     0
     0
     0
     0
     0
    33
    13
    13
     0
     0
     0
     0
     0
     0
     0
     9
     0
     0
   185
     0
     0
     0
     0
    79
     0
     0
     9
     0
     0
    16
    16
    16
     0
     0
     0
     0
     0
     0
     0
    10
     0
     0
   190
    11
    15
     0
     0
    36
     0
     6
     9
     0
     6
    18
    17
    33
     0
     0
     0
     0
     0
     0
    10
     0
     0
     0
   137
     0
     0
     8
     6
    67
     0
     8
     8
     0
    21
    19
    14
     9
    20
     0
     0
     0
     0
     0
     0
     0
     0
     0
   178
    10
    19
     8
     9
    45
     0
     9
     9
     0
     0
    19
     9
     9
    11
     0
     0
     0
    11
     8
    12
     0
     0
     0
   128
   104
     0
     9
    10
     9
     0
    20
    45
    24
     8
    12
     0
    37
    20
     8
     0
     0
     0
     0
    12
    13
     0
     0
    96
   104
     0
     0
     0
    20
     0
     0
    57
    51
    31
    17
    14
    36
     6
     0
     0
     0
     0
     0
     0
     0
     0
     0
   204
    17
     0
     0
     0
    64
    10
     0
     8
     0
     0
    46
     9
     8
    18
    11
     0
     0
     0
     0
     0
     6
     0
     0
   148
     7
     0
     9
     8
    64
     0
     0
    10
     0
     0
    23
     8
    31
    16
     0
     0
     0
     0
     0
     0
     0
     0
     0
   224
     8
     0
    10
     0
    35
    10
     8
     0
    16
     0
    19
    11
    25
    26
     0
     0
     0
     0
     0
     0
     0
     0
     0
   227
     0
     6
     7
     0
    67
     0
    14
     0
     6
     0
    17
    27
    25
     0
     0
     0
     0
     0
     0
     0
     0
     0
     0
   186
     0
     0
     0
     0
    86
     0
    15
     0
     8
     0
    10
    22
    36
    19
     0
     0
     7
    12
     0
     0
     0
    17
     0
   138
   141
     0
     0
    10
    24
     8
     0
    53
    42
     8
     0
     0
    23
    17
    37
     0
     0
     0
     0
     7
     7
     0
     0
   110
   123
    25
     6
     9
     0
     0
     0
    44
    63
     0
     0
     0
    12
    41
    11
     0
     0
     0
     6
     0
     0
     0
     0
   162
     0
     8
     0
     0
    85
     7
     6
     0
     0
    25
     0
    28
    14
    41
     0
     0
     0
     0
     0
     0
     0
     0
     7
   206
     0
     0
     0
    12
    74
     0
    16
     7
     0
     0
    19
    25
    15
    18
     0
     0
     0
     0
     0
     0
     0
     0
     0
   214
     0
     0
     9
     0
    41
     7
     0
     9
     0
     0
    32
    23
    17
    29
     0
     0
     0
     0
     0
     0
     0
     0
     0
   155
    19
    12
     9
    15
    48
     0
     0
     7
     0
     0
     9
     6
     9
    34
     0
     0
     0
     0
     0
     0
     0
     0
     0
   197
     6
     0
     6
     9
    63
     0
     0
     8
     0
     0
     9
    17
    15
    28
     0
     0
     0
     0
     0
     0
     0
     0
     0
   110
   150
     6
     0
     0
    21
     0
     9
    29
    35
     0
     6
     0
    25
     8
    26
     0
     0
     0
     8
     0
     0
     0
     0
    79
   133
     0
     0
     0
     0
     0
     8
    36
    74
     6
     0
     0
     7
    14
    16
     0
     0
     0
     0
     0
     0
     0
     0
   313
     8
    16
     6
    11
    31
     0
     0
     0
     6
     0
    44
    24
    43
    20
     0
     0
     0
     0
     0
     8
     0
     0
     0
   166
     8
     0
    11
     0
    56
     9
     7
     7
     0
     0
    13
     6
     0
    36
     9
     0
     0
     0
     0
     0
     0
     0
     0
   268
    16
     0
    10
     9
    21
     0
    10
     7
     9
     0
    15
    18
    27
    65
     0
     0
     0
     0
     0
     0
     0
     0
     0
   238
     0
     0
     0
     0
    42
    19
     9
     0
     0
     8
     9
    11
    31
     0
     7
     0
     0
     9
     0
    10
     0
     0
     0
   269
     0
     6
    15
     0
    78
     0
     0
     6
    18
    13
     7
    29
    28
    22
     0
     0
     0
     0
    18
     0
     8
     0
     0
    85
   105
     7
     0
    10
     0
     0
     0
    97
    20
     0
     6
    18
    15
     0
    25
     9
     0
     0
     0
     8
     0
     0
     0
   131
    70
     0
    14
     0
     9
     8
     0
    29
    44
     0
    14
     0
    10
    39
    43
     0
     0
    10
     0
     0
     0
     0
     0
   162
     9
     0
     0
     6
    93
     0
     8
     0
    18
     6
    28
    16
    14
    12
     0
     0
     0
     8
     0
     0
     0
     0
     0
   231
    14
     9
     0
     0
    90
     0
     0
     0
    22
    10
    30
    10
    52
    17
    10
     0
     8
     0
     0
     0
     0
     0
     0
   164
    27
     0
     9
     0
    65
     0
    14
    10
     8
     0
     8
    15
    17
    10
     0
     0
     0
     0
     0
     0
     0
     0
     0
   141
     0
     0
     0
     7
    49
     0
     0
     0
     0
     0
     0
     0
    58
    15
     6
     0
     0
     0
     0
     0
     0
     0
     0
   198
     0
     8
     0
     0
    57
     0
     8
     0
     0
     8
    19
    37
    30
    19
     0
     6
     0
     0
     0
     9
     0
     0
     0
   113
    96
     0
     0
     9
     0
     7
     0
    49
    24
    20
     9
     0
     9
    13
    47
     0
     0
     0
     0
     0
     8
     0
     0
    90
   144
     0
     0
     0
     0
    14
     0
     8
    62
     8
     0
     0
    24
    26
    33
     0
     0
     0
     0
     0
     0
     0
     0
   166
     0
    18
     0
     8
    63
     0
    19
     7
     0
     0
     0
    10
    27
     0
     0
     0
     0
     0
     8
     0
     0
     6
     0
   182
     7
     0
     0
     0
    56
     6
     0
    24
     0
     0
     0
    40
    17
    25
     0
     0
     0
     0
     0
     0
     0
     0
     0
   157
     0
     8
    24
     8
    61
     0
    16
    18
     0
     9
    13
    20
    10
    24
     9
     0
     0
     0
     0
     0
     0
     0
     8
   234
     0
     8
     0
     0
    69
     0
     0
     8
    12
     0
    31
     0
     0
     0
     0
     0
     0
     0
     0
     0
     0
     0
     0
   141
    16
     0
    10
     0
    51
     0
     7
     0
     0
     8
    15
    57
    35
    25
     9
     8
     0
     0
     0
     0
     0
     8
     0
    78
   120
     0
     6
     7
     7
    10
     0
    64
    85
     0
     0
    11
     0
    28
    14
     0
     0
     6
     0
     7
     0
     0
     0
    99
    89
     0
    33
     0
    10
     0
     0
    59
    60
     0
     0
    16
    24
    35
    25
     0
     0
     0
     0
     0
     0
     0
     0
   154
    11
     0
     0
     0
     9
     6
     0
    10
     0
    10
    15
    16
    10
     0
     0
     0
     0
     0
     0
     0
     0
     0
     8
   143
     0
     0
    10
    10
    39
     0
    10
     0
     0
     0
    20
     9
     6
    32
    10
     0
     0
     0
     0
     9
     0
     0
     0
   193
     0
     0
     8
     0
    93
     0
     8
    11
     0
     0
    26
    16
    25
     8
     0
     0
     0
     0
     8
     0
     0
     0
     0
   181
     7
    14
     8
     0
    95
     7
     0
     0
     0
     9
    39
     8
     9
     9
     0
     0
    16
     0
     8
     0
     0
     0
     0
   188
     0
     0
     0
     0
    65
    18
     0
     8
    16
    16
    31
    20
    28
     0
     0
     0
    10
     0
     0
     0
     6
     0
     9
    92
    78
    21
     8
     7
     9
     0
     0
    21
    59
    17
     6
     9
    21
    11
    42
    11
     0
     0
     0
     0
    11
     0
     0
    85
   108
     0
     0
    16
    16
     0
     0
    39
    85
     0
     0
     0
    27
    45
    40
     8
     0
     0
     0
     0
     0
     0
     0
   178
     8
     0
     0
     7
    38
     0
     0
     0
     0
     6
    16
    20
    21
    10
     8
     0
     0
     0
     0
     0
     0
     0
     0
   186
     0
    10
     0
     0
    77
     0
    16
     8
     0
     0
    30
     0
    38
    24
     0
     0
     6
     0
     0
     0
     0
     0
     0
   182
     0
     0
     0
     0
    96
     0
     0
     7
     0
     0
    27
    17
    26
    10
     0
     0
     0
     0
     0
     9
     0
    11
     0
   116
     7
     0
    23
     0
    76
     0
     0
    10
     0
     7
    25
    15
     0
    24
     0
     0
     0
     0
     0
     0
     0
     0
     8
   226
    21
     6
    10
    10
    16
    16
     9
    17
     7
     0
    17
    24
    14
    27
     0
     0
     0
     0
     0
     0
     0
     0
     0
    83
    82
    17
     0
    15
     8
     0
     0
    39
    47
    11
    16
     0
    69
    22
    18
    10
     0
     0
    11
     6
     6
     0
     0
    80
    76
     0
     0
     0
     0
     8
     0
    54
    57
    10
    11
    21
    25
    41
    32
     0
     0
     0
     0
     0
     0
     0
     0
    91
     0
     0
     9
     0
    42
     9
     0
     0
     0
     0
     0
     7
    38
     0
     0
     0
     0
     0
     0
     9
     0
     0
     0
   216
     6
     0
     0
     0
    43
     6
     0
    11
    11
     0
    10
    29
     0
    60
     0
     0
     0
     0
     0
     0
     0
     0
     0
   167
     6
     0
     0
     8
    50
    13
     7
     0
     8
     0
     8
     0
     8
     7
     0
     0
     0
     0
     8
     0
     0
     0
    10
   183
     0
     0
     8
     9
    17
     0
    20
     0
     7
     0
     0
    29
    22
     0
     0
     0
     0
     0
     0
     0
     0
     0
     0
   240
     0
     0
     0
     9
    70
    10
     0
     0
     0
     8
     0
    16
    27
     9
     0
     0
     0
     0
     0
     0
     0
     0
     0
    77
   122
     0
     9
     0
     0
    20
     0
    33
     8
    10
     0
    17
    30
    17
    16
    10
     0
     0
     9
     0
     0
     0
     9
    61
   104
     0
    10
    11
     0
     9
     9
    23
    55
     0
     0
     6
    20
    16
     8
     0
     8
     0
     0
     0
     0
     8
     9
   168
    10
    17
     0
     9
    69
     0
     0
     0
     0
     0
     7
     9
     0
     8
     0
    10
     0
     0
     0
     0
     0
    10
     0
   144
     0
     0
     8
     0
    69
     6
     0
    16
    10
     0
    34
    15
     0
    22
     7
     0
     0
     0
     0
     0
     0
     8
     0
   214
     0
     0
     0
     8
    69
    18
     0
    10
     9
     8
     8
    41
    31
    14
     0
     0
     0
     0
     0
     0
     0
     0
     0
   219
     8
     7
    14
     0
    35
     0
     0
     0
     8
     0
     9
    15
    31
     8
     0
     0
     0
     0
     0
     0
     0
     8
     0
   113
     0
     9
     8
     0
    40
     9
     8
     0
     0
     0
    22
    45
     9
     7
     0
     0
     0
     0
     0
     0
     0
     0
     0
   155
    88
     9
     0
     0
    19
     0
     0
    15
   102
     0
     0
     0
    61
    10
    20
     0
     0
    10
     0
     0
     8
    22
     6
    59
   117
     0
     0
     9
    10
     0
     0
    40
    22
     0
     8
     0
    14
    16
     6
     0
     0
     0
     0
     0
     0
     0
     0
   198
     8
     0
    10
     0
    56
     6
     0
    27
    10
     0
     7
    11
    26
    21
     0
     0
     0
     0
     0
     0
     0
     0
     0
   174
     0
     7
     8
    18
    72
     0
     0
    18
     0
     0
    41
    20
    12
    14
     0
     0
     0
     0
     0
    11
     0
     0
     0
   167
     0
     0
     7
    17
    42
     0
     0
     9
     0
     9
    21
     0
    12
    16
    10
     0
     0
     0
    10
     0
     0
     0
     0
   165
    20
     0
     9
     0
    56
     7
     0
     6
     0
    10
    36
    25
    50
    12
     0
     0
     0
     0
     0
     0
     0
     0
     0
   148
    10
     8
     7
    17
    47
     0
     0
     0
     0
     0
    23
    25
     0
    33
     0
     0
     0
    18
     0
     8
     0
     0
     6
    95
    76
     0
    12
     8
     7
     0
     9
   110
    22
     0
     8
     0
    36
    18
    16
     0
     0
     0
     0
     0
     0
     0
     0
   105
    86
     0
     0
    10
     0
    32
     8
    42
    73
     9
    21
     0
     9
    24
     0
     0
     0
     7
     9
     0
     6
     0
     0
   137
     0
     0
     0
    19
    70
     0
     0
     0
     9
    27
     8
     0
    29
    52
     0
    11
     0
     0
     0
     0
     0
     0
     0
    87
     6
     0
     0
     0
    63
     8
     0
     0
     0
     6
     0
     7
    14
     0
     0
     0
    10
     0
     0
     0
     0
     0
     0
   137
     7
     0
    19
     6
    36
     7
     0
     0
     8
     8
    17
     0
    22
    10
     0
     0
     0
     0
     0
     0
     0
     0
     0
   192
     0
     9
     0
     0
    97
     0
    21
     0
     0
     0
     8
    38
    12
     9
     0
     0
     0
     0
     0
     0
     0
     0
     0
   160
     0
     0
     0
     0
    55
     0
     0
     0
     0
     0
     9
    14
    18
    21
     0
     0
     0
     0
     0
     8
     0
     0
     0
    85
   104
     0
     0
     0
     6
     0
    10
    42
    32
    15
     0
     0
    13
    25
    30
     0
     0
     0
     0
     0
     0
     0
     0
   137
    90
     0
     9
    12
    19
     0
     0
    31
    56
     0
     0
     8
    16
     9
    17
     0
     0
     0
     0
     0
     0
     0
     0
   145
     0
     8
     0
     0
   111
     8
     0
     0
     0
     8
    23
    39
     6
    23
     0
     0
     0
     0
     0
     0
     0
     0
     0
   184
     7
    10
     0
     0
    40
     0
     0
     0
     0
     9
     0
    13
    10
    24
     0
     0
     0
     0
     0
     0
     0
     0
     7
   167
     0
     7
     0
     0
    73
    17
     7
     0
     0
     0
    18
    24
    19
    18
     0
    11
     0
     0
     0
     0
    11
     0
     0
   170
     9
     0
     0
     0
    55
     0
     8
     9
     0
    10
     0
    17
    22
     0
     0
     0
     0
     0
     0
     0
     0
     0
     0
   153
    17
    17
    17
     6
    50
     0
     0
     0
     9
     0
     0
    12
    14
    15
     0
     0
     9
     0
     8
     0
     0
     0
     0
   105
   185
     0
     0
     0
     6
    12
     0
    51
    41
     0
     0
     0
    19
     0
    16
     0
     0
     0
     0
     0
     0
    10
     0
    89
    91
    10
     0
    20
    16
    10
     6
    27
    40
    16
     7
    12
     8
    19
    10
     0
     0
     0
    17
     0
     0
     0
     0
   106
     8
     8
     0
     6
    55
     0
     0
     0
     6
     0
    30
    24
    22
    36
    11
     0
    12
     8
     0
     0
     0
     0
     0
   185
     8
    17
     0
     0
    21
    15
     0
     0
     0
    12
    17
    23
    29
    23
     9
     0
     0
     0
     0
     0
     0
     6
     0
   178
     0
     8
     9
     0
    26
     0
     0
     0
     0
     0
    17
    25
    25
    29
     0
     0
     0
     0
     0
     0
     0
     0
     0
   164
    17
     0
     0
     0
    37
     0
     9
     0
     6
     0
     7
     9
     0
    38
     0
     0
     0
     0
     0
     8
     0
     0
     0
   187
     9
     0
     0
     0
    38
     0
     0
     0
     0
     0
     7
    11
     7
    12
     0
     0
     6
     0
     0
     0
     0
     8
     0
    62
   116
     6
     7
     7
     0
     0
     0
    55
    24
     0
     0
     0
     9
    10
     8
     0
     8
     0
     0
     0
     0
     0
    10
    83
   147
     0
    11
     0
     0
     0
     0
    46
    36
     7
     0
    32
     0
    36
    10
     0
     0
     0
     0
     0
     0
     0
     0
   172
     9
     7
    16
     0
    53
     0
     0
     0
     7
     0
     0
    23
    29
     9
     0
    12
     0
     0
     8
     0
     0
     0
     7
   173
     0
     8
    10
     0
    67
    24
     6
    11
     0
     9
    47
    24
    23
     6
     0
     0
     0
     0
     0
     0
     0
     0
     0
   168
     0
     9
     0
     9
    22
     0
    17
     0
    11
    18
    11
    20
    25
    42
     0
     0
     0
     0
     0
     0
     0
     0
     0
   199
    10
     8
     0
    14
    35
     0
     0
    15
     0
     9
    17
    13
    16
     8
     0
     9
     0
     0
     0
     0
     0
     8
     0
   162
    19
     7
     0
    15
    43
     9
     0
     0
     9
     0
    31
    14
    25
    27
     0
     0
     0
     0
     7
     0
     0
     9
    18
    69
    96
     0
     0
     8
     0
     0
     0
    62
    37
     8
     0
     6
    23
    10
    14
     0
     0
    11
     0
     0
     0
    20
     0
   121
    26
    17
     0
     6
     0
     0
     0
     9
    29
    23
    16
     0
    25
    22
     0
     0
     0
     0
     0
     0
     0
     0
     0
   205
     0
     0
     8
     0
    58
     0
     0
     0
     0
     8
     0
    20
     9
     0
     0
     0
     0
     0
     0
     0
     0
     0
     0
   183
     0
     0
     0
     8
    21
    14
     0
     7
     0
     0
     6
    38
    16
    14
     0
     0
     0
     0
     0
     0
     0
     0
     0
   224
     0
     7
     0
     0
    42
     0
     7
     7
     0
     0
    10
    16
    17
    15
     0
     0
     0
     0
     0
     0
     0
     0
     0
   126
     0
     0
     7
     0
    78
    15
     0
     0
    25
     8
    16
    17
    24
    36
     0
     0
    10
     0
     0
     0
     0
     0
     0
   188
    33
     0
     9
     8
    70
     0
     0
     0
    10
     0
     0
    23
    57
    15
     0
    10
     0
    10
    10
     0
     0
     0
     0
   104
    91
     0
     6
     0
     0
     9
     0
    58
    36
    11
     0
     8
    19
     0
     0
     0
     0
     0
     0
     0
     0
     0
     0
    87
    84
     0
    10
     0
     0
     0
     0
    32
    53
    14
     9
     8
    10
    19
    53
     0
     0
     0
     0
     0
     0
     0
     0
   206
     0
     0
     0
     6
    38
    27
    10
     7
     0
     0
    19
    22
    11
     0
     0
     0
    10
    11
     0
     0
     0
     0
     0
   219
     0
     0
     8
     0
    88
     0
     6
     0
     0
     0
     0
     0
     6
     8
     0
     0
    11
     0
     0
     0
     0
     0
     0
   161
     8
     6
    10
     0
    89
     6
     0
     0
     6
    19
     0
     9
    31
    23
     0
     0
     0
     0
     0
     0
     0
     0
     0
   237
    11
     0
     9
     0
    45
    11
     0
     6
     0
     0
    18
     7
    19
    17
     0
     0
     0
     0
     0
     0
     0
     0
     0
   144
     8
     0
     0
     0
    44
    24
    16
     7
     0
     9
    29
     0
    30
     9
     0
     0
     6
     0
     0
     0
     0
     0
     0
   158
    76
     7
     0
     0
     0
     6
     0
    44
    96
     0
    17
     0
    32
     0
    17
     0
     7
     0
     0
     0
     0
     0
     0
    67
    56
     0
     0
     0
     0
     8
     0
    72
    51
    11
     0
    28
    55
    13
    23
     0
     0
     0
     0
     0
    10
     0
     0
   189
     7
     0
     0
     9
    67
     0
     9
     8
     0
     0
    17
    33
     9
    19
     0
     0
     0
     0
     0
     0
     0
     0
     0
   159
     0
     6
     9
     0
    47
     9
    11
     0
     0
     0
    16
    24
    16
    12
     0
     0
     0
     0
     0
     0
     0
     0
    12
   231
     0
    12
     0
     0
    41
     0
     7
     0
     0
     0
     8
    15
    14
    14
     0
     0
     0
     0
     0
     0
     0
     0
     0
   122
     0
     0
     9
     0
    70
     8
     0
     0
     0
     0
     0
    10
    19
     6
     0
     0
     0
     0
     0
     0
     0
     0
     0
   249
     7
     0
     9
     0
    49
     0
     0
     0
     0
     8
    12
    14
     8
    18
     6
     0
     0
     0
     0
     0
     0
     0
     0
    79
    63
    10
     6
     0
     0
     0
     0
    57
    72
     9
     0
     9
    20
     0
    30
     0
     0
     0
     0
     0
     0
     8
     0
    56
    52
     0
     0
     0
     0
     0
     7
    41
    86
     0
    10
     7
    22
    18
    13
     0
     0
    10
     0
     0
     0
     0
     0
   188
     6
     0
    12
     0
   104
     0
     0
     7
     0
     0
    31
     0
     0
    27
     0
     0
     0
     0
     0
     7
     0
     6
     0
   207
     0
     6
     0
     0
    31
     0
     0
     0
     0
     9
    17
     0
     7
    21
     0
     0
     0
     0
     0
     0
    11
     0
     0
   120
    19
     0
     9
     7
    43
     0
    16
     0
    18
     8
     6
     7
    17
     7
     0
     0
     0
     0
     0
     0
     0
     0
    10
   129
     0
     0
    10
     0
    39
    12
     0
    11
     8
     9
    23
     8
     0
    12
    10
     0
     0
     0
     0
     8
     8
     8
     7
   125
     9
     0
     8
     7
    63
     0
     9
     9
     0
     0
     8
     0
    29
    20
     0
     0
     0
     7
     0
     0
     0
     0
     0
    56
    93
     0
     9
     6
     0
     9
     6
    56
    57
     0
    14
     9
    37
    21
     9
     0
     0
     0
     0
    10
     0
     0
     8
    60
   139
     0
     0
    10
     0
     0
     0
    17
    28
     8
    11
     0
    41
    24
    10
     0
     0
     0
     0
     0
     0
     0
    11
   107
     0
    19
     8
     0
    82
     0
     0
     0
    11
     0
     0
    28
    10
     6
     0
     0
     0
     0
     0
     0
     0
     0
     0
   137
     0
     0
     9
     0
    62
     0
     0
     0
     0
     0
    14
    36
     9
     0
     0
     0
     0
     0
     0
     0
    16
     0
     0
   136
     0
     0
     0
     7
    72
     0
     8
     6
     0
     0
     8
     9
    18
    19
     0
     0
     0
     0
     0
     0
     0
     8
     0
   119
    10
     8
     9
     0
    31
    26
     0
     0
     0
     0
    10
    37
    41
     7
     0
     0
     0
     0
     0
     0
     0
     0
     0
   109
     8
     0
     0
     0
    63
     0
    10
     0
     0
     9
    15
    19
     6
     9
     0
     0
     0
     0
     0
     0
    12
     8
     0
    93
   167
     0
     0
    16
     0
     0
     0
    47
    36
     0
     0
     9
    20
     0
     7
     0
     0
     0
     0
     0
     0
     0
    12
    90
    92
     0
     7
     6
     9
     9
     0
    33
    51
     6
     0
    12
    25
    25
    41
    10
     0
     0
     0
     0
    10
     0
     0
   146
     0
     0
     9
     0
    82
     0
     0
     0
     7
     0
    13
     7
    25
    32
     0
     0
     0
     0
     0
     0
     0
     0
     0
   179
    16
     8
     0
     0
    51
     0
     6
     0
     9
     0
    16
    16
    12
    43
     0
     0
     0
     0
     0
     0
     0
     0
     0
   151
    11
     9
    20
     0
   113
     0
     0
     9
     8
    15
    18
    16
    16
    30
     8
     0
     0
     8
     0
     7
     0
     0
     0
   198
     0
     0
     0
    10
    31
     7
     0
     9
     0
     7
    23
     0
     7
    16
     6
     0
     0
     0
     0
     0
     0
     0
     0
   179
     8
     6
     0
     7
    56
     0
     0
     0
    11
     0
     0
    13
    23
    42
     0
     0
     0
     0
     9
     0
     0
     0
     0
   115
    88
     9
     0
     0
     8
     0
    10
    42
    73
     0
     0
     0
     8
    15
    20
     8
     7
     0
     0
     0
     0
     0
     8
    71
    92
     8
     6
     6
     8
     8
     0
    21
    47
     9
     7
     8
    18
    28
     8
     0
     0
     0
     0
     0
     0
     0
     0
    99
     7
     0
    11
    10
    70
     8
     0
     8
     0
     7
    16
    10
     6
     9
     0
     0
     0
     0
     7
     0
     0
     0
     0
   232
     0
     7
     8
    14
    55
     0
     0
     0
     7
     7
    18
    17
    19
    11
     7
     0
     0
     0
     0
     0
     0
     0
     0
   163
     0
     0
     0
     0
    56
     7
     0
     0
     0
     0
    11
    39
    10
    25
     0
     0
     0
     0
     7
     0
     0
     0
     7
   129
     9
     7
     0
     0
    53
     0
     0
     0
    10
     0
    17
    54
    16
    17
     0
     0
    19
     0
     0
     0
     0
     0
     0
   167
     0
     0
     0
     7
    36
     0
     0
     7
     8
     0
     6
    41
    29
     0
     0
     0
     0
     0
     0
     0
     0
     0
     0
   101
    71
     0
     0
     0
     6
     0
     9
    38
    63
     0
     0
    22
    12
     9
    45
    11
     0
     0
     0
    14
     0
     7
     0
   113
    60
     0
     7
     0
     0
     0
     0
    78
    38
     0
     8
     0
    18
    17
    28
    12
     0
     0
     0
     0
     0
     0
     0
   169
    12
    10
     0
     9
    36
     0
     0
     7
     0
     0
    13
    25
     0
    32
     0
     8
     0
     0
     0
     0
     0
     0
     0
   180
     0
     0
     7
    10
    47
     0
     0
     0
     0
     0
    27
     0
     0
    14
     0
     0
     0
     9
     0
     0
     0
     0
     0
   217
     0
     7
     0
     0
    64
     0
    16
     0
     0
    11
    23
     0
    11
    22
     0
     0
     9
     0
     0
     0
     0
     0
     0
   159
     0
     0
     9
     0
    44
     7
     0
     0
     9
    24
    34
    16
    47
    25
     0
     0
     8
     0
     0
     0
     0
     0
     0
   138
    18
     0
     0
     0
    39
     0
     0
     0
     0
     0
     0
    12
     9
    18
     0
     0
     0
     0
     0
     0
     6
     0
     0
    94
    72
    12
    25
    13
    10
     0
     0
     8
    26
     7
    16
     0
    14
    17
    15
     0
     7
    13
     0
     0
     6
     0
     0
    37
    56
     9
     8
    10
    16
    10
     0
    46
    54
     0
     0
    10
    38
    13
    21
     0
     0
     0
     0
     0
     0
     0
     7
   101
     0
     8
     0
     7
    39
     0
     9
     7
     0
     0
    21
     0
    34
    18
     0
     8
     0
     0
     0
     0
     0
     0
     0
   113
     0
     0
     0
     0
    13
     0
     6
     0
     0
     0
    39
    18
    19
     0
     0
     0
     0
     0
     0
     0
     0
     0
     0
   195
     0
     8
     8
     6
    49
     0
     0
     0
     0
     0
    21
    22
    16
    16
    10
     0
     0
     0
     0
     0
     0
     9
     0
   182
     0
    11
    11
     0
    61
     0
     9
     0
     0
     0
    14
    23
    10
    18
     0
     0
     0
     0
     0
    12
     0
     0
     0
   140
     8
     0
     0
     0
    17
     0
    11
     0
     7
    26
     7
    10
     0
    15
     0
     7
    11
    14
     0
     0
     7
     0
     0
    90
    74
     0
     8
     0
     0
     7
     0
    30
    28
     0
    11
    20
    43
    16
    10
     0
     0
     0
     0
     0
     0
     0
     0
    73
   131
    12
     0
     0
     0
     9
    10
    38
    16
     0
     0
     9
    21
    68
    17
     0
     0
     0
     0
     0
     7
     0
     0
   161
     6
     0
     6
     7
    49
     0
     0
     7
     0
     6
    10
    49
     0
    17
     0
     0
     0
     0
     0
     0
     0
     0
     0
   200
    19
     6
     0
    10
    91
     0
     9
     0
     0
     0
     8
    66
     0
    10
     0
     0
     0
     0
     0
     0
     0
     0
     0
   143
     0
     6
    10
     7
    29
     0
     0
     0
     0
    11
    24
     7
     0
    17
     0
     0
     0
     0
    10
     0
     0
     0
     0
   136
     0
     0
     0
     0
    77
     8
    10
    20
     0
     0
     9
    11
    32
    25
     0
     9
     0
     0
     0
     0
     0
     0
     0
   113
     0
     0
     0
     0
     9
     0
     0
     0
    10
     0
    30
    29
     0
     0
     0
     0
     0
     0
     7
     0
     0
     0
     0
    40
    97
     0
     8
     8
     0
     8
     0
    51
    43
     0
     0
     0
    50
     0
    28
     0
     0
     0
     0
    19
     0
     0
     0
    84
    46
     8
     8
     8
    14
     0
    11
    17
    38
     0
     0
    12
     0
    27
    33
     0
     0
     0
     0
     0
     0
     0
     0
   139
    11
     0
     0
     0
    20
     0
     7
    18
     0
     0
     0
    22
    33
    10
     0
     0
     0
     0
     0
     0
     0
     7
     0
    86
     8
     0
     0
     0
    44
     0
     8
    17
     7
     0
    22
    34
    42
     6
     0
     0
     0
     0
     0
     0
     0
     0
     0
   112
     0
    16
     8
     9
    40
     0
     8
     0
     0
    12
    25
     7
    33
    32
     0
     0
     0
     8
     0
     0
     0
     0
     0
   134
     9
     0
     0
     0
    90
     0
     0
     0
     0
     6
    16
     9
    13
    18
     7
     0
     0
     0
     0
     0
     0
     0
     0
   159
     0
     0
     6
     9
    57
     0
     0
     0
     8
    11
    22
     9
    10
    20
    13
     0
     0
     0
     7
     0
     0
     0
     0
    95
    31
    10
     0
     0
    10
     0
    23
    68
    34
     0
     0
     0
    27
     9
    19
     0
     0
     7
     0
     9
     0
    11
     0
   131
   110
     0
     0
     0
     0
     0
    10
    44
    17
    19
     0
     0
     7
    10
    19
     0
     0
     9
     0
     0
     0
     0
     0
   177
     6
     0
    11
     0
    54
     0
     7
     0
     0
     8
     8
     9
     8
    16
     0
     0
     0
     0
     0
     0
     0
     0
     0
   196
     0
     0
    12
    14
    39
     8
     0
     7
     0
     0
     7
    27
    32
     8
     0
     0
     0
     0
     9
     0
     0
     0
     0
   141
     0
     7
    14
     0
    37
    10
     0
     0
     9
     0
     7
     9
     0
    15
     0
     0
     0
     0
     0
     0
     0
     0
     0
   125
     0
     0
     0
     0
    61
     0
     0
     9
    12
     0
    10
     7
    14
    45
     0
     0
     8
     0
     0
     0
     0
     0
     0
   158
     0
     0
    18
     0
    37
     0
     7
     0
     0
     0
    22
    20
     0
    23
     0
    11
    10
     0
     0
     8
     0
     0
     0
    95
    66
     0
     0
     0
     0
    10
     0
    27
    62
     0
     0
     8
    14
     6
    14
     0
     0
     0
     0
     0
     0
     0
     0
   153
    59
     8
     0
     6
     0
     0
     0
    55
    35
     0
     9
    11
     8
    36
    17
     0
     0
     0
     0
     0
     0
     0
     0
    84
     0
    10
     0
     0
    62
     0
     0
     0
     0
     0
     0
    16
    15
    17
     0
     0
     0
     0
     0
     0
     8
     0
     0
   140
     7
     8
     0
    18
    30
    25
     0
     0
     0
     9
     0
     8
     6
    28
     0
     0
     0
     0
     0
     0
     0
     0
     0
   150
     0
    11
     0
     8
    24
     0
    15
     0
     8
     8
    19
    15
     6
     0
     0
    10
     0
     0
     0
     0
     0
     0
     0
   132
     0
     9
     7
     0
    58
     6
     0
     0
    10
     0
     0
     9
     0
     0
     0
     0
     0
     0
     6
     0
     0
     0
     9
    93
     0
     0
    12
     0
    32
     0
     8
     0
     0
     0
     8
     9
    18
     0
     0
     6
     0
     0
     0
     0
     9
     0
     8
    90
    90
     0
     0
     0
     0
     0
    10
    34
    71
     9
     0
    12
     9
    10
    11
     0
     0
     0
     0
     0
     0
     0
     0
    51
    65
     8
     8
     0
     0
     0
     0
    44
    38
     0
     0
     8
    24
     7
    32
     0
     0
     0
     0
     0
     0
     0
     8
   211
     0
     0
     0
     6
    65
     0
     0
     7
     0
     0
    18
    23
    10
     9
     0
     0
     8
     0
     0
     0
     0
     0
     9
   201
    14
     0
     6
     0
    42
     7
     7
     0
     0
    11
     7
    17
    17
     0
     0
     0
     8
     0
     0
     0
     0
     0
     0
   157
    10
     0
     0
     0
    43
     9
    10
     0
     8
     0
     9
     7
    15
    26
     6
     0
     0
     0
     0
     0
     0
     0
     0
   231
     0
     0
     0
     0
    35
     8
     0
     0
     0
     0
    41
    18
     6
    12
    11
     0
    10
     0
     0
     0
     0
     0
     0
    72
    19
     0
     0
     0
    32
     0
     0
     0
     0
     0
     0
     8
     8
    16
     0
     0
     0
     0
    12
     0
     6
     0
     0
   102
   135
     8
    19
     0
     0
     8
    22
    80
    41
    15
     0
     9
     0
     0
    23
     0
     0
     0
     6
     0
    17
     7
     0
    86
    92
     0
     8
     6
     0
    19
     7
    39
     6
     0
     7
     0
    16
    47
    21
     0
     0
     0
     0
     0
     0
     0
     0
   194
     7
     0
     0
     0
    73
     9
     0
     0
     0
     0
     7
     6
    17
    16
     0
     0
     0
     0
     0
     0
     6
     0
     0
   131
     0
     0
     0
     0
    45
     0
     0
     0
    17
     0
    27
     7
    43
     8
     0
     0
     0
     0
     0
     0
     0
     0
     0
   192
    18
     0
     0
     0
    38
    21
     9
     0
     0
     0
     7
    19
    31
    10
     0
     0
     0
     0
     0
     0
     0
     7
    13
   126
     0
     0
    11
     0
    66
     0
     0
     0
    12
     0
    16
    21
    15
    18
     0
     0
     0
    10
     0
     0
     0
     0
     0
   176
     0
     0
     6
     0
    71
    12
     0
     0
     0
     0
    17
    10
     6
    19
     0
     0
     0
     0
     0
     0
     0
     0
     7
    99
   132
     0
     0
     0
     8
     0
    11
    28
    24
     9
     8
     0
    31
    29
     7
     0
     6
     0
     0
     7
     0
     0
     0
    98
   108
     0
    11
    10
     0
     0
     7
    32
    56
    12
     0
     7
     0
     9
    16
     0
     0
     0
     0
     0
     0
     0
     0
   143
     0
     0
     0
     0
    44
     0
    12
     0
    11
     6
    31
    21
     0
    37
     0
     0
     0
     0
     0
     0
     0
     0
     0
   108
     0
     0
     7
     0
    98
     0
     0
     8
     0
     8
    24
    30
     6
    21
     0
     0
     0
     0
     0
     0
     0
     0
     0
   150
     0
     0
     7
     0
    64
     0
     0
     0
     0
     0
    34
     0
    17
    22
     0
     0
     0
     0
     0
     0
     0
     0
     0
   121
    26
     0
     0
     0
    53
    17
     0
     0
     0
    15
    24
     9
    30
    30
     0
     0
     0
     0
     0
     0
     0
     0
     0
   253
     9
     0
     7
     7
    69
     0
     0
     8
    20
    16
    10
     0
     8
     9
     0
     0
     0
     0
     0
     0
     0
     8
     8
    68
    61
     6
     0
     0
    10
     0
     8
    57
    94
     0
     0
     0
    25
     0
    19
     0
     0
     0
     0
     8
     0
     0
     0
    99
   116
     0
    17
    16
     0
     6
     8
    67
    41
     9
     0
     8
    41
    22
    17
     0
     0
     0
     0
     0
     0
     0
     0
   178
    10
     0
     0
     0
    37
    10
     0
     0
     0
     8
    30
    25
     8
    38
     0
     0
     0
     0
     0
     0
     7
     0
     0
   111
     8
     0
     0
     8
    39
     0
     8
     7
    10
     0
     0
    17
    27
    32
     0
     0
     0
     0
     0
     0
     0
     0
     0
   125
     0
     0
     8
     0
    44
     0
     0
     0
     0
     0
     0
    20
     0
     7
     0
     0
     0
     0
     0
     0
     0
     0
     0
   126
     0
     0
     6
     8
    65
     0
     0
    19
    10
     0
     8
     7
     0
    32
     0
     0
     0
     0
     0
     0
     0
     0
     0
   194
    17
    23
     0
     0
    41
     0
    11
     0
     0
     0
    28
    18
    17
    21
     0
     0
     0
     0
     0
     0
    11
     0
     0
   100
   106
    11
     0
     0
     0
     8
    10
    15
    40
    11
    10
     0
    31
    33
     0
     0
     0
     0
     0
     0
     0
     0
     0
   121
   114
     0
     7
     0
     0
     0
     0
    16
    29
     9
     0
     0
    28
    22
    37
     0
     0
     0
     0
     0
     0
     0
     0
   220
     0
     0
     0
     0
    80
     0
     0
     6
    15
     6
    31
    37
    19
    17
     0
     0
     0
     0
     0
     0
     0
     0
     0
   208
    18
    17
     0
     0
    78
     0
     9
     0
     9
    23
     7
     0
     8
     7
     0
     0
     0
     0
     0
     0
     0
     0
     0
   166
     8
    14
     0
     8
    94
     0
    11
     0
     0
     0
    13
     0
     8
     0
     0
     0
     0
     0
     0
     0
     0
     7
     0
   168
     8
     9
     0
    19
    51
     0
     9
     8
    11
     0
    61
    18
    23
    31
     0
     0
     0
     0
     0
     0
     6
     0
     0
   226
     0
    10
     6
     8
    55
     9
     0
     9
    12
     0
     8
    26
    14
     7
     0
     0
     0
     9
     0
     0
     0
     0
     0
    40
    79
    18
     0
    12
     0
     0
     0
    60
    22
     0
     0
     0
     9
     0
     7
     0
     0
     0
     7
     0
     6
     0
     0
    36
    75
     8
     9
     6
     0
    19
     8
    77
    56
     0
     0
    23
    11
    13
     7
     0
     0
     0
     0
     0
     0
     0
     0
   289
     0
     0
    16
     0
    93
     0
     0
     0
     6
    10
    50
    38
    17
    16
     0
     0
    10
     0
     0
     0
     0
     0
     6
   229
     0
     7
     9
     0
    27
    12
     0
     0
    12
    10
    37
    14
    18
     8
     0
     0
     0
     0
     0
     0
     0
     0
     0
   203
    21
     8
     8
     0
    36
    11
     0
     8
    16
    17
     9
     0
     8
    13
     6
     8
     0
     0
     0
     0
     0
     0
     0
   187
    10
     0
     0
     6
    50
    11
     0
     0
     0
     0
    18
    17
    29
     0
     0
     0
     0
     9
     0
     0
     0
     0
     0
   181
     0
     8
     0
     7
    50
     0
     0
     8
     0
     0
     9
    13
    13
    13
     0
     0
     0
     9
     0
     0
     0
     0
     0
    86
   151
    15
    11
    17
     0
     0
     0
    78
    57
     0
    13
     0
    13
     8
     0
     0
     0
     6
     0
     0
     0
     0
     0
    61
    87
    15
     7
     0
     0
     0
     0
    33
    38
     0
     0
     0
    25
    15
    23
     0
     0
     9
     0
     0
     0
     0
     0
   144
    10
     8
     0
     0
    72
     0
     7
     9
     0
    18
    13
    11
    26
     9
     0
     0
     0
     0
     0
     0
     0
     0
     0
   185
     8
    28
     0
     0
    43
     0
     0
     0
     9
     0
     7
    40
    47
     7
     0
     0
     0
     0
     0
     0
     0
     0
     0
   164
    21
     9
     8
     0
    36
     9
    17
     0
     6
    16
    35
    24
    28
    26
     0
     0
     0
     0
     0
     0
     0
     0
     0
   166
     0
    13
     0
     7
    15
     0
     0
     0
     7
     8
    10
    14
    20
    10
     0
     0
     0
     0
    10
     7
     0
     0
     0
   151
    17
     0
     0
     0
    77
     0
     0
     0
     8
     0
     7
    10
     0
    34
     0
     0
     0
     0
     0
     0
     0
     0
     0
   125
    83
     0
     0
     6
     0
     9
     0
    65
    34
     0
     9
     0
    31
    15
     8
     0
    10
     0
     0
     0
     6
     0
     0
    71
    29
     9
     0
     0
     0
    23
    15
    62
    57
     7
     0
     0
    32
    26
    14
     0
     8
     0
     0
     0
     0
     0
     0
    83
    11
     0
     0
     0
    51
     0
     0
     0
    10
     0
     0
    22
     8
    18
     0
     0
     0
     0
     0
     0
     0
     0
     9
   123
     6
    10
    18
     0
    50
     0
     0
     0
     0
    14
     9
    17
     9
    33
     0
     0
     0
     0
     0
     0
     0
     0
     0
   120
     0
     0
    22
     8
    44
     8
     0
     0
     0
     0
     0
    18
     0
    26
     0
     0
     0
     0
     0
    11
     0
     7
     0
   217
     9
     0
     0
     0
    51
     0
     7
     9
     0
     9
    17
    24
    13
    18
     0
     0
     6
     0
     0
     0
     0
     0
     0
   181
     0
     6
     0
    11
    55
     0
     0
     0
     0
     0
    13
     9
    30
    46
     0
     0
     8
     8
     0
     0
     7
     0
     6
   127
    85
     0
     0
     0
     0
     0
     9
    56
    17
     0
     0
     0
    14
    18
    10
     0
     0
     0
     0
     0
     8
     8
     0
    97
   106
    15
     0
     0
     0
    18
     0
    60
    29
     0
     0
     0
    15
     8
     8
     0
     6
     0
     0
     0
     0
     0
     0
   109
     7
    33
     7
    27
    36
     0
     0
     9
     8
     8
    16
     0
    19
    21
     0
     0
     9
     0
     0
     0
     0
     0
     0
   174
     0
     9
    11
    12
    33
     6
     0
     0
    17
     0
    38
    15
     9
     0
     0
     0
     0
     0
     0
     0
     0
     0
     0
   167
    17
     0
     0
    10
    76
     0
     0
     0
     0
     0
     7
    16
     8
    18
     0
     0
     0
     0
     0
     0
     0
     0
     0
   251
     0
     0
     0
     0
    36
     0
     0
     0
     0
     0
    24
    19
    26
    15
     0
     0
     0
     0
     0
     0
     9
     0
     0
    99
     0
     0
     0
    17
    64
    28
    10
     0
     7
    16
     0
    20
    15
    12
     0
     9
     0
     9
     0
     0
     0
     0
     0
    87
   106
     0
     0
    22
    29
     0
     7
    70
    25
     9
     0
    11
    13
    11
    37
     0
     0
     0
    10
     0
     0
     0
     0
    52
    79
     9
     0
    15
     0
     0
     0
    63
    26
    10
     7
     8
    14
    16
     7
     0
    10
     0
     0
     0
     0
     0
     0
   241
     0
     8
     0
     0
    35
     0
    10
    27
     8
     6
     0
    21
    10
    29
     0
     0
     7
     0
     0
     0
     0
     0
     7
   233
     8
     0
     7
     0
    82
    16
    24
    22
     0
     0
     8
     6
     0
     7
     0
     0
     0
     0
     0
     8
     0
     0
     0
   117
     7
     0
     7
     0
    47
     0
     0
     0
     8
     0
    17
    14
    17
    38
     0
     0
     0
     0
     0
     0
     0
     0
     0
   182
     0
     0
    17
     0
    50
     0
     0
     0
     0
    16
    21
     0
     7
    24
     0
     0
     0
     0
     0
     0
     0
     0
     0
   131
     6
     7
     0
     9
    29
     0
     6
    10
     0
     9
    42
    15
    35
     8
     0
    10
     0
     0
     0
     0
     0
     0
     0
   126
    73
     0
     8
     8
     0
     0
     0
    44
    60
     0
     0
     0
    40
    24
    22
     0
     0
     7
     0
     0
     0
     9
     0
    74
   110
     0
     0
     0
     8
     0
     0
    16
    71
     6
    18
     7
     8
    12
    31
     0
     0
     0
     0
     8
     0
     0
     0
   178
     8
     7
     0
     0
    34
     0
     0
     0
     0
     7
    16
    25
     0
     0
     0
     0
     0
     0
     0
     0
     0
     0
     0
   122
     0
     0
     0
     8
    57
    16
     0
     9
    18
    10
    20
    30
    18
    44
     0
     0
     0
     0
     0
     0
     0
     7
     0
   176
     0
    11
     8
     8
    24
     8
    11
     0
    10
     0
    23
    18
     9
    41
     0
     0
     0
     0
     0
     0
     0
     0
     0
   147
     6
     0
    23
     0
    59
     8
     0
    11
     0
     9
    47
    41
     7
     8
     0
     0
     0
     0
     0
     0
     0
     0
     0
   221
     7
     8
     0
    17
    76
     0
     0
     0
     6
    11
    17
    23
     0
    16
     0
     0
     0
     0
     0
     7
     7
     0
     0
    98
    80
     9
     6
    18
     9
     6
     7
    65
    63
     0
     9
    11
     0
    10
     0
     0
     0
     0
     0
     0
     0
     0
    10
   172
   102
     8
     0
     7
     7
     0
     0
    72
    60
     7
     0
     0
    13
    24
    39
     0
     0
     0
     0
     0
     0
     0
     0
   167
    10
     0
     8
     7
    45
     0
     0
     0
     9
     7
    14
    13
    25
    23
     0
     0
    18
     0
     0
     0
     0
     0
     0
   132
    17
     0
     0
     0
    42
     0
     0
     0
     0
     0
     0
     6
    29
     8
     6
     0
     0
     0
     0
     0
     0
     0
     7
   192
     0
     0
     0
    24
    34
     0
     0
     9
     8
    21
     8
    16
    15
     6
     0
     0
     0
     0
     0
     0
     0
     0
     0
   141
     0
    10
     0
     0
    73
     9
     0
    10
     0
     0
    16
     0
    20
     0
     0
     0
     0
     0
     0
     0
     0
     0
     0
   208
     0
     8
    10
    10
    82
     0
     0
     6
     0
     0
    20
     8
    15
    18
     0
     0
     0
     0
     0
     0
     0
     0
     0
    64
   109
     0
     0
    15
     0
    10
     7
    24
    52
     0
     0
     0
     0
     6
    23
     0
     0
     0
    12
     0
     0
     9
     0
   113
   108
    25
    10
    26
     0
     0
     0
    35
    41
    24
    15
     0
    39
    37
    47
     0
     0
     8
     0
     0
     0
     0
     0
   216
    10
     0
     8
     0
    62
     0
     0
     0
    16
    24
    22
    15
    15
    29
     0
     0
     0
     0
     0
     0
     0
     0
     0
   166
     0
     0
    11
    16
    35
     0
     0
    10
     0
     0
     7
    23
    32
     9
     0
     0
     0
     0
     0
     0
    19
     0
     0
   155
     9
     0
     0
     9
    22
     0
     0
     0
     9
    18
    27
     0
    21
    18
     0
     0
     0
     0
     0
     0
     0
     0
     0
   177
    12
     0
     0
     9
    62
     0
    15
    10
     0
    11
    14
     8
     8
    22
     0
     0
     0
     0
     0
     0
     8
     0
     0
   152
    18
     0
     8
     0
   113
     0
     0
     0
     9
    10
     7
    25
     0
    24
     0
     0
     0
     0
     0
     0
     0
     0
     0
    64
   119
     0
     0
     0
     0
     0
     0
    41
    60
     8
     8
     8
    16
    34
    17
     0
     0
     0
     9
     8
     0
     0
     0
   129
    92
     8
    24
    20
    37
     7
     7
    55
    71
     0
    17
     0
     0
    37
    35
     0
     0
     0
     0
     0
     9
     0
     0
   159
     8
    12
    17
     8
    97
     0
     7
    18
     0
     0
    20
    25
     0
    39
     0
     0
     0
     0
     0
     0
     0
     0
     0
   260
    22
    15
    10
     7
    85
     0
     7
     9
     7
     6
     0
    25
    26
     9
     0
     0
     0
     0
     7
     0
     0
     0
     0
   176
     0
    11
     0
    17
    64
     0
     0
    10
     8
    14
     0
     0
    10
     6
     0
     0
     0
     0
     0
     0
     7
     0
    11
   195
    30
     0
     0
    13
    92
     0
     0
     0
    17
     0
    14
    11
    20
    26
     0
     0
     0
     0
     8
     8
     0
     0
     0
   210
    17
     0
     0
     8
    70
     0
    16
     8
     0
     0
    24
    10
    19
    22
     0
     0
     0
     0
     0
     0
     0
     0
     0
    68
   103
     9
     0
     0
    18
     0
     0
    65
    41
     8
     0
     0
     0
     6
     7
     6
     0
     7
     0
     0
     0
     0
     0
   120
   150
     6
     0
    17
    10
     0
     7
    27
    14
    30
     0
    15
    10
    15
    39
     0
     0
     0
     0
     0
     0
     0
     0
   151
    12
     0
     0
     0
    48
     9
     0
     0
    11
     0
     7
    29
    35
     6
     0
     0
     0
     0
     0
     0
     0
     0
     0
   156
     0
    15
     9
     0
    32
     0
     0
    10
     0
    15
    14
     8
    43
     6
     0
     0
     0
     0
     0
     0
     0
     0
     0
   199
     0
     8
    11
     7
    61
     6
     9
     9
     0
     0
    47
    15
     0
    28
     0
     0
     0
     0
     0
     0
     0
     0
     0
   192
     0
     8
     8
    24
    42
     0
     0
     8
     0
     0
    18
     7
    35
     6
     0
     9
     0
     0
     9
     0
     9
     0
     0
   181
     6
     0
     6
     0
    36
    14
     0
     0
    11
     0
     7
    10
     8
    14
     0
     0
     0
     0
    11
    10
     6
     0
     6
    62
    58
     8
     6
     0
    15
     0
     0
    30
    80
     0
     0
     0
    12
    10
    14
    15
     0
     0
     0
     0
     0
     0
     0
   111
    92
    10
     6
     6
     0
     7
     9
    50
    60
     0
     8
     0
    10
     0
     8
     0
     0
     0
     0
     0
     0
     0
     0
   181
     7
     0
     0
     8
    57
    15
     0
     0
     0
     0
    25
    28
     0
    18
     0
     0
     0
     0
     0
     0
     0
     0
     0
   203
     0
     9
     0
     0
    45
    22
     0
     8
     0
     0
    44
    38
     8
    23
     0
     0
     0
     0
     0
     0
     0
     0
     0
   206
    17
    18
     0
     8
    62
     0
     7
     8
     0
    17
    16
    21
    32
    27
     0
     0
     0
     0
     0
     0
     0
     0
     0
   164
     0
    10
    17
     0
    63
     0
     0
     0
     0
     8
    15
    24
    50
    39
     0
     0
     0
     0
     0
     0
     8
     7
     8
   169
     0
     0
     7
     0
    30
     7
     0
     9
     0
     0
    27
    19
     0
    22
     0
     0
     0
     0
     0
     0
     0
    10
     0
    89
    96
     8
     9
     0
    11
     0
     0
    79
    48
    22
     0
     9
    35
    13
    41
     0
     0
     0
     0
     0
     8
     0
     0
    72
   102
     9
     6
    16
     0
     0
    17
    42
    80
     8
     7
     8
    11
     0
    51
     0
     0
     0
     0
     0
     0
     0
     0
   224
     0
     0
     0
     8
    52
     9
     0
     0
     0
     0
     0
    17
    24
    15
     0
     0
