     0
     0
     7
     0
     0
     7
     0
   527
     0
     9
    11
     0
   103
     6
    17
     0
    25
    18
    95
    43
    81
    30
     0
     0
     0
     6
    12
    17
     8
     0
     0
   387
    11
     6
     0
     9
   148
     0
    10
    27
     0
     9
     8
    17
    50
    49
     0
     0
     0
     8
     0
     9
     0
     0
     0
   405
    25
    17
    24
    10
   108
    10
     6
    27
     0
     9
    18
    24
    35
    22
     0
     0
    17
     0
     0
     0
     0
     0
     0
   516
    25
    29
     8
     0
   143
    29
    24
    19
     0
     0
    32
    49
    69
    53
     0
     0
     0
     0
     0
     0
     0
     0
    11
   398
    28
    18
    26
    16
   134
     9
     7
     7
    21
     0
    50
    76
    55
    31
     0
     9
     9
     0
    10
     0
     8
     0
    27
   274
   255
     9
     9
    26
     0
    26
     8
   166
   172
    17
     0
     7
    47
    66
    76
     0
     9
     0
     0
     0
     8
     8
     0
   320
   317
     8
    24
     0
    12
    15
     8
   177
   139
     7
     0
    15
    48
    46
    25
     0
    19
     0
     0
     9
     0
     0
     9
   514
    41
     0
     6
    10
   196
    30
     7
    15
    20
     6
    20
    44
    53
    59
     7
     0
     0
     0
     0
     0
     0
     0
     0
   456
    15
    27
     0
    16
   138
     0
     9
     0
     6
     0
    48
    34
    41
    55
     0
     0
     8
     0
     0
     0
     0
     0
    11
   526
    17
     0
    10
     9
   138
    10
    20
    12
    13
    16
    49
    34
    23
    31
     0
     0
     0
     0
     7
     0
     0
     6
     0
   465
    21
    28
     0
    18
   157
    17
     9
     9
    10
     8
    35
    56
    37
    40
     0
     0
     0
     0
    10
     0
     0
     0
     7
   518
     9
    14
    19
    10
   142
     0
     0
    18
    16
    27
    66
    32
    28
    59
     9
     0
     0
     7
     0
     0
     0
     0
     7
   224
   316
    18
     0
     0
    24
    19
     9
   121
    95
     8
     0
    25
    46
    61
    49
     9
    16
     9
    33
     7
    25
     0
     0
   302
   305
    19
     0
    25
    13
    15
     8
   124
   133
    14
     6
    17
    50
    51
    63
     8
     0
     0
     0
     9
     0
     0
     0
   460
     6
    17
    15
    15
   199
    12
    11
     0
     0
    32
    51
    33
    24
    58
     0
     0
     0
     0
     0
     0
     0
     0
     0
   514
    11
    21
    10
    17
   203
    11
     0
    27
     9
     6
    21
    19
    25
    52
     8
    12
     8
     8
    10
     0
     0
     0
     0
   414
    24
    18
     0
    14
   170
    16
     6
     8
     8
    10
    14
    16
    56
    49
     0
     0
     0
     7
     0
     8
     0
     0
     9
   548
    25
     8
    17
    22
   141
    11
     0
    17
    10
     0
    32
    39
    58
    23
     0
    11
     0
     7
     0
     0
     0
     0
    11
   352
     6
     6
     6
     9
    89
    15
    10
    18
    30
    20
    15
    57
    17
    63
     0
     0
     0
     0
     0
     0
    24
    12
     0
   226
   300
     0
    18
     0
     0
     7
     0
   120
   129
     7
    22
     7
    62
    40
    15
     0
    10
     0
     0
     0
     0
     0
     0
   271
   282
     0
     0
     0
     0
    24
    39
    91
   107
     0
     6
     8
    38
    22
    22
     0
     8
     0
     0
     0
     0
     8
     0
   453
    10
     9
    17
     0
   152
     0
    11
     0
     7
    32
    45
    36
    45
    70
     0
     0
    10
     0
     0
     0
     0
     0
     0
   444
    40
     7
    28
     0
   143
     0
     0
    17
    17
    10
    53
    38
    56
    72
     0
     0
     0
     0
     0
     0
     0
     0
     0
   449
    10
    16
    24
     9
   127
     0
     0
     9
    23
    15
    81
    51
    45
   102
     0
     0
     0
     0
     0
     0
     0
     0
     6
   487
    28
     0
    18
    18
   121
     0
     0
    16
    11
    17
    55
    28
    59
    42
     0
     0
     7
     0
     0
     0
     0
     0
     0
   424
    48
    13
    11
     0
   123
    16
    26
     0
     0
    18
    52
    17
    41
    52
     0
     0
     0
    24
     8
     6
     0
     0
     6
   242
   215
     9
     0
    22
     9
    15
     0
   197
   118
     9
    18
    19
    68
    59
    95
     0
    17
     0
     0
     0
     0
     8
     0
   225
   208
     8
    16
    12
    16
     0
    17
   112
   111
     6
     0
    15
   110
    29
    83
     0
     0
     0
     0
     0
     0
     0
     7
   473
    28
    14
    30
     0
   158
    21
     9
     7
    20
    15
    43
    75
    37
    61
     0
     0
     0
     0
     7
     7
     0
     0
     0
   481
    16
     0
     7
     8
   140
    18
     0
    39
    17
    12
    60
    64
    25
    51
     0
     7
     0
     0
     0
     0
     6
     0
     0
   611
     9
     0
    29
     7
    72
     0
     0
    18
     6
    16
    46
    46
    38
    33
     0
     0
     0
     0
     0
     0
     0
     0
     0
   446
    15
    11
     0
    45
    88
     0
    15
    10
    20
     7
    39
    33
    19
    22
     7
     7
     0
     0
     0
     0
     6
     9
     0
   502
     0
    18
    17
     7
   129
    16
    10
     9
     8
     7
    17
    83
    30
    93
     0
     7
    23
     0
     0
     0
     0
     0
     7
   211
   213
    16
    24
     0
    18
     0
     0
   160
    60
    16
     9
    18
    49
    26
    16
     0
     0
     0
     0
     9
    10
    10
     0
   245
   209
    10
     9
    29
     0
    26
    16
   117
    61
     6
    22
     9
    43
    77
    60
     0
     0
     0
     9
     0
     0
    10
     0
   499
     9
     0
     7
     9
   149
     8
    35
    31
     7
    25
    25
    32
    66
    49
     6
     0
     0
     8
    14
     0
     0
     0
     0
   357
    14
    25
    10
    26
   174
     0
     0
     7
    14
     0
    26
    60
    63
    48
     0
    10
     0
     0
    15
     0
     0
    18
     9
   495
    44
     0
    10
     8
   169
    14
    25
    32
     0
    16
    90
    51
    38
    83
    19
     0
     0
    16
     9
     0
     0
    11
     0
   435
     0
    28
    18
    19
   202
     0
    10
    14
     0
     6
    33
    35
    32
    43
     0
     0
     0
     0
     0
     0
     0
     6
     9
   405
     9
     8
    15
     7
   164
    30
    16
    31
    19
     9
    17
    53
    51
    47
     0
     0
     0
     8
     0
     0
     0
     8
     0
   244
   253
    33
     6
    10
    44
     9
    24
    78
   130
    10
    19
    50
    57
    42
    82
     7
     8
     6
     0
    11
     0
     8
    10
   246
   230
     9
    14
     8
     8
    24
    31
   154
   129
     7
    29
     6
    24
    24
    23
     0
     0
     0
     0
     0
     9
     0
     0
   512
    28
    11
     0
     7
   116
    10
     0
    24
     0
    22
    25
    44
    46
    52
    10
     0
     0
     0
     0
     0
     0
     8
     0
   561
    10
     0
    24
    17
    99
     6
     0
    18
     7
    14
    34
    25
    33
    72
    10
     0
     0
     0
     0
     0
     8
     0
     0
   467
    18
    14
     6
     0
   145
     0
    16
    10
    36
     0
    23
    47
    27
    53
     0
     9
     0
     0
     0
     0
     0
     0
     0
   319
     0
    15
    31
    10
   172
    16
     8
     7
    17
     9
    49
    59
    32
    40
     0
     6
     0
     0
     7
     8
     0
     0
     0
   465
    16
     8
     8
     0
   127
     0
    19
     6
     9
     9
    71
    28
    57
    34
     0
     9
     8
     0
    15
     7
    11
     0
     0
   324
   267
     9
    17
     7
    62
    14
    18
   156
   116
    46
     0
     0
    42
    32
    93
    32
     0
     0
    10
    10
    15
     6
     0
   230
   247
     7
     0
     6
     7
     0
    42
   180
   133
    22
     8
     0
    62
    78
    36
     0
     0
     0
     0
     7
     0
     0
     0
   425
     0
     0
    10
    32
   123
    35
    18
     0
    43
     0
    44
    29
    61
    38
     0
     0
     0
     7
     0
     0
     0
     0
     0
   393
     0
     7
    25
     7
   198
    27
    17
     0
    14
     0
    55
    35
    63
    42
     0
     6
     0
     0
    10
     0
     0
     8
     0
   580
    11
     7
     0
    18
   111
    14
    18
    18
    11
     9
    63
    14
    71
    77
     0
     0
     0
     0
    12
     9
     0
     0
     0
   421
    15
     8
     0
    10
   153
    10
    17
    16
    14
     0
    47
    29
    16
    69
     0
     0
     0
     0
     0
     0
     8
     0
     0
   447
    44
    18
    34
     8
   106
    18
     0
     0
     0
    27
     6
    37
    32
    67
     0
    10
     6
     6
    39
     0
     0
     0
    26
   304
   258
     8
    21
    41
     0
     9
    21
   164
   115
    17
    47
     7
    48
    52
    45
     0
     6
     0
    28
     0
     0
    10
    16
   235
   237
     0
    22
     7
    18
    39
    33
   145
    77
    15
    25
     8
    29
    31
    48
     0
     0
     0
     0
    10
     0
     0
     0
   485
     6
     0
    12
    31
   102
    23
     0
    27
    18
     9
    47
    75
    34
    30
     0
     0
     0
     6
     0
     0
     0
     8
     9
   353
    12
    29
    19
     0
   158
     0
    16
    16
    24
    26
    68
    25
    34
    10
     0
     0
     8
     0
     0
     0
     0
     0
     0
   606
     0
    16
     0
    10
   211
     0
    14
     0
     8
     0
    63
    14
    46
    40
     0
     8
    10
     0
     0
     0
     0
     0
     0
   399
     0
     0
     0
    20
   155
    19
    39
     8
    10
    14
    41
    21
    61
    38
    10
     0
     0
     8
     0
     0
     0
     8
     0
   555
    12
    24
     0
    23
    65
     0
     7
    16
    14
     8
    57
    28
    61
    37
     0
     0
     0
     0
    10
     0
     0
     0
    24
   176
   328
    16
    10
     7
    22
    17
    10
   120
   139
     0
    20
    14
    48
    43
    57
     0
     6
     0
     0
     7
    16
    19
     6
   354
   332
     0
    19
     0
    14
     0
    25
   150
   127
    18
    18
     8
    42
    53
    73
     0
    14
     0
     0
     8
     0
     9
     0
   430
    32
     0
     0
    18
   142
     6
     9
     0
     0
    33
    35
    76
    55
    53
     0
     0
     0
     0
    11
     0
     0
     0
     0
   493
    19
     7
     8
     0
   188
    18
     0
     6
    18
    20
    55
    44
   102
    27
     0
     6
     0
     0
    10
     0
     0
     0
     9
   440
    10
    19
    19
    26
   135
    19
    21
     7
    17
     7
    58
    29
    43
    22
     0
     0
     0
     0
     0
     0
     0
     0
     0
   485
    18
     0
    25
    19
   112
    18
    10
     0
    34
    33
    23
    64
    10
    81
     7
     0
     0
     0
     0
     0
     0
     0
     8
   450
    16
    18
     0
     0
   130
    10
     0
    14
    23
    17
    48
    46
    42
    73
    12
    13
     8
     0
     0
     7
     0
     0
     6
   285
   212
    26
     9
     9
    14
    17
    21
   149
   117
     9
    12
    39
    24
    66
    31
     7
     0
    21
     6
     0
    17
     0
     0
   244
   211
    15
     0
     0
    18
    17
     0
   131
   140
     6
    20
     8
    25
    27
    52
     0
     8
     0
     0
     0
     0
     0
     0
   420
     0
     6
     0
     0
   134
    12
    28
     0
    10
     6
    22
    41
    45
    63
     0
     0
     0
     0
     0
     0
    10
     0
     0
   465
     0
     0
    19
    10
   127
    10
     9
     9
    10
     7
    36
    83
    15
    56
     0
     0
     0
     8
     0
     0
     0
     0
     9
   463
    29
    30
    22
     7
   202
     9
    17
     0
     8
    18
    39
    92
    34
    64
     0
     0
     0
     0
    10
     0
     0
     0
     0
   404
    19
     8
     0
     8
    34
     0
    17
     0
    10
    10
    86
    30
    70
    36
     0
    18
     9
     7
     0
     0
     0
     0
     0
   376
     8
     0
     0
    10
   109
    24
    10
    19
    31
     7
    35
    45
    18
    28
     0
     0
    15
     0
     0
     6
     0
     0
     0
   224
   238
    18
    26
     8
     0
     0
    23
   149
    94
     6
    10
    15
    99
    54
    67
     8
     0
     0
     0
    15
     9
    24
     0
   343
   221
    35
     0
     0
     0
     9
     0
   130
    84
     0
    21
     0
    77
    75
    50
     0
     0
    12
     0
     0
     0
     0
     9
   424
    24
     0
    23
     8
   181
     0
     0
     6
    19
     0
    74
    62
    92
    19
     0
     0
     0
     0
     0
     0
     0
     6
     0
   418
     0
     7
    47
     0
   100
     0
     8
     0
    11
     9
    45
    58
    39
    65
     0
    10
     0
     8
     9
     6
     0
     0
     0
   450
     7
     0
     6
     0
   170
    21
     0
    25
     0
     0
    67
    42
    72
    33
     0
     0
     0
     0
     0
     0
     0
     0
     0
   477
    26
     8
    14
     8
   123
     7
     0
     0
    17
    32
    48
    16
    70
    59
     0
     6
     0
     0
     6
     0
     0
     0
     0
   477
    20
     9
     0
    18
   157
    19
    17
    28
     0
    23
    33
    30
    37
     0
     0
     8
     0
     6
     9
     0
     7
     0
     0
   186
   280
    23
    25
     9
    23
    19
     0
   144
   131
    25
     0
    18
    76
    37
   105
     0
     0
     9
     7
     7
     9
     8
     8
   234
   224
     0
    21
     0
    17
    12
    35
   180
   265
    16
    17
    29
    57
    44
    41
     0
     0
     7
     9
     9
    10
     0
     0
   446
    14
     0
     7
    17
   184
     0
     7
     0
    11
     9
    43
    57
    30
    16
     0
     0
     0
     0
     9
     0
    23
     0
     0
   364
     6
    16
    43
     8
   189
    35
     0
     7
     0
     0
    46
    37
    35
    52
     0
     9
     7
     0
     0
     7
     0
     0
     0
   537
     6
    35
     6
    33
   196
     0
     0
    11
     9
    18
    24
    23
    29
    63
     0
     6
     0
    16
    11
     0
     0
     0
     0
   385
     7
     8
    18
    21
   147
     0
    12
    14
     7
     0
    45
    62
    54
    51
     0
    11
     0
     0
     0
     0
     0
     0
    10
   407
     0
    10
    20
     9
   172
     8
    18
    12
    16
    27
    77
    52
    24
     0
     6
     8
     6
     0
    13
     0
     6
    11
     7
   211
   272
    18
    17
     0
     9
     6
    18
   142
   119
    17
     9
    11
    38
    49
    43
     9
    12
    24
     9
     0
    18
    17
     0
   253
   307
     0
     0
     0
    12
    19
     0
   170
   168
    22
     0
     0
    56
    69
    65
     0
     9
     0
    15
     0
     0
     0
     0
   432
     0
    14
    27
    11
   126
    20
    19
    13
    17
    28
    46
    29
    61
    40
     0
     0
     0
     7
     0
     6
     0
     7
     0
   547
     0
     0
     0
     0
   149
     7
     9
    16
    11
    19
    44
    54
    58
    88
    11
     9
     7
     0
     0
    11
     0
     0
     0
   470
     8
    17
    10
     0
   184
     0
    17
     0
     0
    25
    47
    40
    23
    42
     0
     8
     0
     0
     0
     0
     0
     9
     0
   538
     0
     8
     6
     7
   125
     0
     7
     8
     7
    15
    44
    57
    21
    32
     0
     0
     0
     8
    16
     8
     8
    16
     0
   566
    17
    21
    25
     0
   192
    18
    27
    19
     9
     0
    62
    37
     7
    64
     0
     0
     0
     0
     0
     0
     0
    32
     7
   281
   221
    12
    13
    17
    20
     0
     7
   121
   119
    11
    27
     9
    90
    39
    40
    12
    18
     8
     0
    10
    27
    13
     0
   239
   314
     7
    20
    10
    15
    21
    31
   103
   126
    32
    10
     0
    60
    49
    98
     0
     0
    10
     0
     0
     6
     7
     0
   444
    17
    16
     6
    18
   219
     0
    13
     7
     0
     0
    36
    51
    77
    76
     0
     0
     0
     0
     0
     7
     8
     8
     0
   434
     9
     0
    16
    14
   242
     9
    16
    16
    17
    10
    35
    52
    85
    43
     0
     0
     0
     0
     0
     0
     0
     0
     8
   483
    16
    26
    18
    26
   180
     0
     7
    23
     6
     8
    91
    56
    93
    61
    10
     0
     6
     7
     0
     0
     0
     9
     0
   630
    11
     6
     0
     0
   178
     7
    16
    14
    25
     7
    41
    21
    24
    57
     0
     0
     0
     0
     7
     0
     0
    10
     0
   532
     0
     0
    21
     9
   182
    27
     0
    11
    27
    10
    32
    64
    16
    26
     6
     0
     0
     0
     0
     8
    10
     0
    10
   217
   301
    22
    24
     0
    34
    57
     0
   142
   139
    32
    11
    19
    50
    47
    67
     0
    29
    12
     0
     0
     0
     0
     0
   190
   225
     9
     8
    10
    15
    13
     0
   145
   177
     0
    10
    23
    33
    54
    33
     0
     0
     9
    16
    18
     8
     0
     0
   456
    17
    18
    16
     7
   150
    17
     0
     0
     0
    10
    23
    50
    26
    44
     0
     0
    21
     0
     0
     0
     0
     0
     0
   397
    17
     0
    21
     7
   191
     8
    15
     0
    14
    19
    17
    29
    35
    15
     0
     0
     0
     0
     0
     0
     0
    17
     8
   505
     0
     9
     9
     0
   144
    24
    15
    17
     9
     0
    60
    42
    82
    59
     0
     0
     7
     0
     0
     7
     0
     0
     9
   513
    18
     0
     0
     7
   233
     9
    17
     8
     6
    31
    32
    59
    54
    30
     0
    11
     0
     0
     0
     9
     0
     0
     0
   550
    10
     0
     8
    10
   127
    11
     8
     0
    54
     6
    59
    35
    47
    37
     0
     9
     0
     0
     0
     8
    10
     0
     0
   275
   286
     0
     7
     7
    29
     0
    19
   136
   122
     8
    19
    10
    49
    46
    33
     0
     0
     0
     0
     0
     8
     8
     0
   199
   283
    18
     0
     0
     7
    11
     7
   141
    89
    27
     0
    33
    52
     8
    59
     9
    11
     7
     9
     0
    22
     0
     0
   416
    14
     7
     0
     6
   138
     7
     0
     0
     0
    10
    40
    59
    17
    18
     0
     0
    10
     9
     0
     0
     0
    10
     0
   515
     8
    16
     9
     8
   152
    14
    18
    16
     9
     9
    54
    34
    61
    48
     0
     0
     0
     0
     0
     6
     6
     0
     0
   494
     0
    13
     9
    21
   129
     0
     6
    10
     6
    12
    38
    65
    25
    66
     0
     0
     6
     0
     0
     0
     0
    10
    11
   470
    23
    12
     7
    25
   140
    31
     0
    14
     8
     0
    66
    67
    26
    69
     0
     0
     7
     9
     0
     0
     8
    11
     0
   399
     6
     0
     0
    28
   129
    18
     0
    24
     0
     6
    71
    57
    45
    50
     0
     7
     0
     6
     0
     9
     0
     6
     7
   325
   218
    54
     9
     0
     8
    24
    10
    92
   134
    10
    17
    14
    32
    79
    44
     8
     0
     8
    16
     8
     6
    18
     0
   250
   187
    26
    19
    26
    38
    13
     9
   143
   131
     9
     0
     0
    25
    45
    32
     0
     0
     8
     0
     0
     0
     0
    15
   482
     7
     8
     9
    28
   137
    19
     0
     8
    25
     0
    36
    48
    58
    58
     0
     0
     0
     0
     0
     0
     0
     0
     0
   345
     8
    17
     0
    10
   162
     0
     0
     6
    34
     0
    31
    53
    47
    47
     8
    12
     0
     0
     0
     0
    18
     0
     0
   493
    23
     7
    17
     7
   102
     0
     0
     8
     0
    40
    64
    59
    59
    25
    10
     0
     8
     0
     0
     9
     0
    10
     0
   508
    25
    32
    29
    26
   183
     7
    11
     9
     9
    26
    32
    63
    65
    65
     0
     9
     8
     0
     0
     6
     0
     0
     0
   567
    37
     0
     6
    26
   107
     0
    10
     8
     0
     0
    41
    15
    29
    15
     0
     0
     0
    18
     8
     0
     0
     0
     0
   258
   448
    10
     9
     0
    10
     0
    25
    48
    98
    10
    19
    32
    77
    26
    17
     8
    19
     0
     7
     0
     0
     0
     9
   245
   229
     8
     8
    22
     6
     0
    21
   112
   120
    21
     7
     8
   109
    83
    83
     0
     0
     0
     0
     0
     0
     0
     7
   355
     8
     8
     8
     0
   136
    29
    16
     0
     7
     6
    50
    36
    53
    29
     9
     0
     0
     0
    10
     0
     8
    10
     0
   482
     0
     0
     0
     7
   142
     9
     0
     8
    17
    19
    37
    26
    47
    54
     9
     0
     0
     0
     9
     0
     0
     0
     0
   529
    11
    20
    19
     0
   130
     7
     0
    10
     9
    11
    45
    34
    42
    95
     0
     0
     0
     0
     0
     0
     0
     0
     0
   496
    18
     8
     0
    17
   116
     8
    35
    11
    23
    11
    45
    52
    41
    14
     0
     0
    12
     0
     0
     7
     0
     0
     0
   440
     0
    17
    23
    11
   131
     0
     0
     9
    10
    20
    39
    56
    72
    17
    10
     0
     0
     8
    11
     8
     0
     0
    20
   210
   280
     8
     0
    14
    16
     0
    24
   166
   144
    19
     0
    44
   108
    47
    45
     0
     7
     0
    11
     0
     0
     0
     0
   232
   215
     7
    13
     0
     7
    11
     0
   145
   119
     7
     7
    11
    44
    67
    45
     0
     0
     8
     0
     0
     0
     0
     0
   377
    14
     8
     0
     0
   182
     8
     7
    15
     7
    18
    56
    14
    64
    34
     8
     0
     0
     0
     0
     0
     0
     0
    10
   446
    26
     7
     0
     0
   160
    52
    22
    11
     0
     0
    29
    42
    48
    23
     0
     8
     0
     0
     0
     0
     7
     0
     0
   407
     7
     9
     9
    15
   104
     7
     9
    14
    13
     6
    61
    45
    52
    59
     0
     0
     0
     0
     0
     0
     0
     0
    20
   363
     0
    15
     7
     6
    91
     0
    29
    11
    17
    12
    35
     9
    73
    16
     0
     0
     7
     0
     0
     0
     0
     0
     0
   433
    18
     6
    10
     9
   138
     0
    16
     0
     8
     0
    76
    45
    41
    25
     0
     8
     9
     0
     8
     0
     0
     0
     7
   155
   197
     6
    12
    11
     0
    15
    10
   127
   119
    32
     0
    11
    28
    46
   112
     0
     0
     6
     0
     0
     8
     0
     8
   193
   162
    24
     7
    24
     0
     9
     7
   134
   158
    29
    10
    14
    52
    79
    83
     0
     0
     0
     6
     6
     9
     0
     8
   370
     0
     0
    21
    12
   132
    18
     0
     8
     8
    17
    36
    21
     9
    53
     0
     0
     0
     0
     0
     0
     0
     0
     0
   385
    28
    12
    60
     0
   140
    14
    11
    19
    12
    10
    42
    31
    21
    30
     6
     8
    11
     8
     0
     0
     0
     0
     0
   435
     8
    16
    26
    11
   107
    16
     0
    13
     6
     0
    66
    26
    44
    59
     0
     0
     0
     0
     0
     0
     8
     0
     9
   436
     8
    19
     9
    17
   104
     0
     6
    18
     0
    10
    45
    26
    33
    35
     8
     0
     0
     9
     0
     0
     0
     7
     0
   428
     8
     0
    10
     6
   162
    19
     0
    11
     8
     8
    41
    55
    55
    50
     0
     0
    20
     0
     7
     6
     0
     0
    11
   247
   229
     7
    10
     0
    13
    18
     8
   120
   123
     7
    32
    18
    35
    41
    33
     0
     0
     0
     0
     0
     0
     0
     0
   234
   273
    12
    22
    15
     8
     0
    22
   112
   106
     0
     9
     8
    48
    30
    37
    17
     0
     0
     7
     0
     0
     0
     0
   554
     9
     8
     8
     0
   122
     0
     0
    17
     8
    10
    41
    52
    15
    34
     0
     0
     0
     6
     0
     7
     0
     0
     0
   372
     9
    17
    44
    11
    92
     0
     0
     0
    14
     0
    35
    31
    12
    54
     0
     0
     0
     6
     6
     0
     0
     0
     0
   358
    24
     0
    20
     8
   140
     8
    10
     9
     7
     7
    49
    21
    38
    35
     0
     0
     0
     8
     0
     0
     0
     8
     0
   417
     8
    13
    33
    14
   129
     0
     0
     0
     0
     9
    56
    30
    41
    25
     6
     0
     0
     0
    10
     0
     0
     0
     0
   386
    16
     8
     7
    14
    79
     0
     0
     0
     6
    22
    26
    36
    81
    63
     0
     9
     0
     0
     0
    11
     0
     0
     0
   224
   188
    14
     0
    27
    10
    18
    26
   128
    95
    18
     9
    33
    34
    65
    45
     0
     0
    15
     6
     0
    11
     0
     0
   262
   236
    25
    15
     7
    34
     9
     8
   103
   108
    24
     8
    44
    94
    63
    24
     0
     0
     0
     0
     9
     0
     0
     0
   335
     9
     9
    19
    12
   170
     0
     9
    45
    13
     0
    30
    23
    11
    38
     8
     8
     0
     0
    11
     0
     0
     0
     0
   383
    17
     7
    42
     9
   204
     9
     0
     9
     9
     8
    21
    19
    28
    40
     0
     0
     0
    10
     0
     0
     0
     0
     0
   517
    26
     0
    26
     0
   119
     0
    16
    23
     0
     9
    50
    47
    25
    37
     0
     0
     0
     0
     0
     0
     0
     0
    14
   433
    10
    17
     8
     6
    98
     0
     8
     7
     0
    17
    39
    23
    36
    47
     0
     0
     0
     0
     0
    10
     0
     0
     0
   457
    26
    10
     8
    16
    80
     6
     0
     0
    30
     6
    24
    32
    31
    15
     0
     0
     9
     0
     0
     0
     8
     0
     0
   189
   152
     0
    15
    23
    17
    22
     9
    96
   174
     6
    28
    30
    98
    55
    41
     0
     0
    16
     8
     8
     6
     6
     0
   318
   260
    18
    11
     8
    11
     0
     8
   169
   112
    19
     9
    16
    59
    64
    43
     0
     0
     7
     6
     0
     0
     0
     0
   376
    16
    18
    18
    27
   142
     0
    17
     0
    10
    24
    16
    47
    17
    32
    15
    10
     0
     6
     0
     0
     8
     0
     0
   285
    17
     0
     0
     9
    75
     0
     0
    10
    21
     9
    39
    34
    44
    52
     0
     0
     0
     0
     0
     0
     6
     0
     0
   410
     0
     0
     7
    15
   161
    15
    18
     9
    16
    10
    24
    47
    32
    77
     8
     0
     0
     0
     0
     0
     8
     0
     0
   391
     7
     9
     9
    17
   133
     8
    21
     0
     0
     0
     9
    77
    45
    57
     0
     0
     0
     0
     0
     0
     0
     0
     0
   441
    21
     6
     8
    14
    91
     0
     9
     0
     8
     9
    20
    73
    35
    27
     0
     0
     0
     0
    19
     0
    18
    11
     0
   175
   297
     0
    20
    11
     8
    18
    20
    44
   125
    41
    34
    15
    74
    50
    64
     9
    19
     8
    24
     0
     0
     0
     0
   150
   231
    49
     0
     0
     0
    12
    14
   105
   126
     9
     8
     9
    35
    51
    75
     0
     0
     0
     0
     0
     0
     0
     0
   269
    30
    33
     9
    22
   133
     0
     0
     8
     0
    24
    37
    71
    38
    55
     0
     0
     0
     0
     0
     7
     9
     0
     0
   431
    16
    29
     7
     0
   152
     9
    11
    11
    14
     0
    44
    50
    15
    52
     0
    13
     0
     0
     0
     0
     8
     6
     0
   436
    20
    24
     9
     0
   176
    24
     0
     8
     0
    18
    58
    23
    50
    40
     0
     0
     7
     0
     0
    10
     0
     0
    29
   386
     0
    11
    16
    16
    96
     0
     0
     9
     6
     0
    21
    38
    54
    62
     8
     0
    10
     0
    10
     9
     0
     0
     0
   466
    18
    16
    39
    30
   143
     0
     0
     9
    36
    10
    39
    14
    45
    49
     0
     9
     9
     0
     0
     0
     0
     6
     0
   189
   171
    19
    29
    10
     6
    25
    25
   166
   126
     9
     0
     6
    60
    29
    29
     9
     8
     0
     7
     9
     0
     0
     0
   229
   324
    17
    25
    17
    17
    13
     0
   121
   151
    19
     0
    12
    52
    43
    54
     0
     7
     0
     7
     0
     0
     0
     0
   265
    10
    18
     0
    20
    56
    12
    12
     0
     8
    46
    31
    32
    81
   107
     7
     0
     0
     0
     0
     0
     0
     0
     0
   454
     9
     0
     0
     8
   153
     0
    21
    23
     0
     9
    16
    21
    52
    83
    11
     0
     7
     6
     0
     0
     0
     0
     0
   351
    16
    14
     6
    14
   102
     0
     8
     0
     6
     0
     0
    41
    16
    22
     0
     0
     6
     6
     0
     0
     0
     0
     0
   336
     0
    14
    10
     6
   178
     0
     9
    17
     0
    23
    31
    53
    50
    28
     0
     7
     0
     0
     6
     0
     0
     0
     0
   434
    14
     0
    15
    41
   104
     8
    20
    16
     0
    10
    71
    50
    80
    33
     0
     0
     0
    11
     9
     0
     9
     0
     0
   282
   291
    21
    20
    23
    18
     9
     0
   146
    86
     8
    10
    20
    24
    52
    44
     0
     0
     0
    23
     8
     0
     0
     0
   169
   269
     0
     0
    16
    23
    25
    37
   143
   121
    19
     8
     8
    72
    91
    66
     0
     0
     0
     0
     0
     0
     0
     0
   365
    17
    16
    23
     8
   180
    17
    18
     8
     0
     7
    17
    68
    71
    42
     0
    23
     0
     0
     0
     0
     0
     9
     0
   386
     0
     0
    16
    10
   110
    13
    20
     7
     7
     9
    56
    37
    46
    56
     0
     0
     8
     0
    11
     0
     7
     0
     0
   470
     7
     0
     7
     8
    90
    21
     9
    10
     0
    44
    56
    36
    33
    35
     0
     0
     0
     0
     0
     9
     8
     0
     6
   439
     8
     0
     0
    19
    98
    15
    10
     8
    42
    12
    17
    39
    18
    56
     0
     0
     0
     0
     0
     0
     0
     0
     0
   428
    27
     9
    35
     0
   155
     0
    22
     9
    16
    10
    37
    79
    52
    41
     0
     0
    11
    17
    11
     0
     9
     0
     0
   162
   189
     8
     6
     0
     7
    16
     8
    74
   139
     9
    14
    14
    45
    21
    24
     0
     0
     0
     0
     0
     0
     8
     0
   227
   181
     0
    18
     0
    10
    16
    16
   169
   150
     0
    15
    11
    52
    19
    46
     0
     0
     8
     0
     0
     0
    10
     0
   306
    21
    35
     0
    19
   116
    19
    19
     0
    10
     0
    52
    61
    43
     9
     0
     0
     0
     0
     0
     0
     0
     0
     0
   279
    18
    16
     0
     0
   145
    16
    18
    21
     0
     0
    85
    28
    60
    29
     0
     8
     0
     0
    10
     0
     0
     0
     0
   435
    15
     0
    18
     0
   111
    12
     0
    16
    33
     0
    12
    27
    25
    41
     0
     8
     0
     0
     0
     0
     0
     0
     0
   322
    12
     9
     7
     0
   121
     9
     0
    10
    13
     0
    47
    20
    40
    56
     0
     0
     0
     0
     0
     0
     0
     0
     6
   385
     9
    11
    10
     0
   125
     0
     0
     0
     8
     7
    34
    16
    37
    46
     9
     0
     9
     6
    10
     8
     0
     0
     0
   284
   194
     7
     0
     0
    15
    25
    21
   119
   171
    16
    16
     7
    72
    36
    41
     0
    16
     0
     0
    12
     7
     6
     0
   183
   189
    18
    19
     0
     7
    17
     8
    90
   172
    15
    17
    17
    28
    35
    65
    10
     0
     0
     0
     0
     0
     0
     0
   426
    17
    16
    14
    10
   111
    30
     0
     0
     9
     0
    31
    41
    78
    48
     0
     0
     0
     8
     0
     0
     0
     0
     0
   364
     9
     8
    32
     0
   164
     0
     9
     8
     6
    19
    34
    16
    43
    43
     0
     0
     0
     0
     0
     0
     0
     0
     0
   413
    10
    14
    35
     8
   103
    29
    27
     7
     7
    18
    25
    29
    40
    65
     0
    16
     0
     0
     6
     8
     0
     0
     0
   419
     8
    19
     0
    11
    89
    31
     0
     0
    12
    18
    47
    59
    33
    79
     0
     9
     0
     0
     0
     0
     0
     0
     9
   494
     9
     0
     0
     6
    69
     7
     0
     0
    23
     0
    18
    60
    38
    31
    11
     9
     0
     8
     0
     0
     7
     0
     0
   219
   177
    34
    18
     0
     9
    16
    24
   120
    89
    21
     0
    15
    19
    40
    27
     0
    12
     8
    18
     0
     0
     8
     0
   154
   185
     8
     8
    21
    23
     0
     0
   167
   117
     0
     8
    12
    90
    14
    52
     0
     0
     0
     0
     0
     0
     0
     0
   409
    16
    24
    13
     6
   103
    10
    13
     0
     0
     0
    18
    63
    26
    47
     0
     0
     9
     0
     0
     6
     0
     0
     7
   357
    12
     6
     8
    15
   109
     0
    14
    10
    11
     7
    44
    31
    16
    34
     0
     0
     0
     0
     0
     0
     0
     0
     0
   553
    11
     7
    10
     0
   171
     8
     0
    28
     6
    11
    84
    30
    57
    18
    10
     0
     0
     0
     7
     0
     0
     0
     0
   396
     6
    23
    17
    28
   111
    16
     8
    15
    18
     6
    47
    60
    31
    24
     0
     0
     7
     0
     0
     0
     0
     0
     0
   285
    15
     8
     0
     7
    57
    19
     0
     7
     9
     0
    45
    21
    26
    11
     0
    14
    12
    11
     0
     0
     7
     8
     0
   277
   216
     8
     0
    17
     8
    18
     0
    75
   128
    10
    35
     0
    26
    77
    47
     8
     8
     0
     0
    20
     0
     0
     0
   140
   233
    21
     0
     8
    15
     9
    19
   111
   106
    26
    17
    35
    44
    56
    42
     0
     0
     7
     0
     0
     0
     0
    15
   354
    17
     6
    10
    12
    57
     7
     0
     7
     9
    18
    35
    31
    48
    18
     0
     7
     0
     0
     0
     0
     0
     6
     0
   362
     0
    15
     9
     0
   155
    26
    21
    19
     9
     0
    41
    29
    58
    13
     0
     8
     0
     0
     0
     0
     0
     0
     0
   428
     9
    10
     8
    11
   173
     0
     7
     7
     7
     0
    25
     9
    25
    53
     0
     0
     0
     0
     0
     0
     8
     0
     0
   362
    15
    11
     7
    29
   154
    36
    10
    12
     0
     0
    24
    63
    51
    49
     0
     0
     0
     0
     0
     0
     0
     0
     0
   572
    10
    35
    27
     0
   134
     9
     0
    17
     0
    20
    20
     0
    43
    33
     0
     0
     0
     0
     0
    12
     0
     0
     0
   196
   299
    24
    20
    18
    18
    19
    22
    96
    63
     0
     8
    26
    74
    59
    75
     0
     6
    10
     0
     0
     0
     8
    17
   174
   144
    13
    14
    23
     9
     9
     6
   110
   122
    36
     8
     8
    79
    53
    52
    11
     8
     0
     0
     0
     7
     0
     0
   364
     0
     0
     7
     0
   128
    13
    10
     0
     0
     6
    31
    43
    48
    15
     0
     0
     0
     6
     0
     0
     0
     0
     0
   322
     7
     0
     7
     8
   152
    13
     0
    10
     9
     0
    33
    66
    42
    66
     0
     0
    18
     0
     8
     0
     0
     0
    11
   455
     0
    21
    15
    19
    88
    10
     0
     0
     0
     0
    18
    26
    34
    53
     0
     0
     7
     0
     0
     0
     0
     0
     0
   406
     0
     0
     0
    30
    82
     8
     8
     7
    28
     7
    39
    59
    28
    57
     0
     0
     0
     0
     0
     0
     0
     0
     0
   291
     0
     7
     0
    18
    86
     0
     0
     8
     7
     0
    47
    43
    46
    24
     0
     0
     0
     7
     0
     0
    11
     0
     0
   193
   181
     7
     0
     9
    25
     9
     7
    99
   109
    21
     0
    27
    22
    78
    71
     7
     0
     0
     0
     6
     0
     0
     0
   201
   193
     6
     0
     6
     8
    20
    34
   167
    77
     9
     7
     8
    67
    28
    50
     0
     8
     0
     9
     0
    18
     0
     8
   338
     6
     0
    45
     0
   120
    17
     9
     0
     7
    15
    23
    58
    51
    16
    10
     0
     0
     0
     0
     0
     0
     0
     0
   308
     8
     8
    10
    16
    99
     0
     0
    16
    28
     9
    51
    24
     9
    18
    10
     8
     0
    14
     9
     0
     7
     0
     0
   358
     7
     0
    12
    29
    87
     6
    11
     7
     0
     0
    66
    25
    14
    13
     0
     0
     0
     9
     0
     8
     0
    11
     0
   376
     6
    18
     7
     9
   106
    42
    14
    27
    18
    10
    23
    33
    14
    16
     0
     0
     0
     0
     0
    12
     0
     0
     0
   418
    19
     0
     9
     0
   130
    16
    11
    15
    16
     6
    25
    36
    37
    54
     0
     8
     0
    17
     0
     0
    10
    10
    14
   192
   194
     9
     9
    18
     8
     0
    18
   164
    89
     0
     0
    25
    43
    50
    32
     7
    17
     6
    14
     0
     9
     7
     8
   228
   211
     0
    35
     7
    14
    10
    25
   109
   102
    17
    16
    14
    35
    33
    23
     0
     0
     0
     0
     9
     0
     0
     0
   542
    16
    14
    17
     0
    84
     7
     0
    17
    12
    10
    39
    70
     6
    27
     0
     0
     0
     0
     0
     0
     0
     7
     0
   274
    16
    19
     0
     8
   118
    13
     9
    26
    14
    37
    43
    16
    42
    18
     0
    17
     0
    15
     0
     0
     0
     0
     0
   281
     0
     9
     9
     0
   117
    35
     0
     0
    26
    25
    44
    18
    46
    55
     9
     0
     0
     0
     0
     0
     0
     0
     0
   292
    16
     8
     0
     7
    85
    12
    16
    18
    16
    20
    23
    28
    60
    10
     8
     0
     0
     0
     0
     0
     0
     0
     0
   430
    29
     7
    18
    16
    70
    13
     7
     9
    10
     9
    23
    72
    23
    44
     0
    29
    10
     0
    15
     0
     9
    21
     9
   243
   265
     0
    23
    42
     0
     0
    11
   172
   190
    18
     0
    16
    37
    65
    50
     0
     0
     0
     0
     0
     9
    11
     0
   174
   210
    27
     0
    44
     0
    25
     8
   118
    96
     0
     9
    17
    37
    39
    37
     0
     0
     0
     0
     0
     8
     0
     0
   430
     0
    11
     0
     0
   175
    10
     6
     9
     8
    18
    29
    42
    26
    67
     0
     0
     0
     0
     0
     0
     0
     0
     0
   324
    13
     0
    14
     8
   124
     0
    15
     0
     0
    25
    56
    26
    33
    22
     0
     0
     8
     0
     8
    10
     0
     0
     0
   380
     9
    22
     8
     8
   114
    15
     8
     7
     0
     0
    54
    24
    20
    31
     0
    15
     0
     0
     0
     0
     0
     0
     8
   389
     8
     7
    10
    16
    72
     0
     9
     0
    15
     6
    51
    56
    31
    71
     0
     6
     0
     0
     0
     0
     0
     0
     0
   365
     8
     7
    12
    11
    93
     6
     6
     9
    16
    19
    27
    78
    60
    50
     6
     0
     0
     0
     9
    15
     0
     7
     0
   153
   237
     0
    10
     6
     0
    34
     9
   129
   123
    10
    10
     7
    28
    60
    14
     9
     0
     0
     0
     0
     8
     0
     0
   203
   186
    15
     0
    45
     7
    17
    18
    90
   101
     0
     7
    23
    65
    54
   116
     0
     0
     0
     0
     0
     0
     0
     0
   418
     0
     0
     0
    22
    85
    19
     0
     0
    14
    35
     9
    30
    62
    99
     0
     6
     0
     0
     8
     0
     0
     0
     0
   317
     0
     8
    25
     8
   127
     7
    20
    15
    13
     7
    55
    31
    34
    27
     8
     0
     0
     0
     0
     7
     0
     0
     0
   402
     8
    19
    18
     7
   137
     9
     9
     0
     7
     0
    23
    38
    24
    32
     0
     0
     0
     0
     0
     0
     0
     0
     7
   459
     7
    18
     7
    12
   107
     0
     0
    15
    29
    19
    17
    33
    32
     8
     6
     0
     0
     0
     8
     8
     0
     0
     0
   310
     9
     0
     8
    10
    96
    13
     9
    14
     0
     7
    53
    38
    43
    58
     0
     0
     0
     0
    30
     6
     9
     9
     0
   213
   309
    17
    15
    18
     9
    16
     6
   146
    91
     0
     0
    18
    80
    36
    44
     0
     0
     0
     0
     0
    16
    17
    14
   150
   242
    10
    10
     6
    17
     0
    10
   150
   133
     7
    28
    48
    60
    62
    55
     0
     0
     0
     0
     9
     0
     0
     7
   320
    11
     0
     7
    21
    79
    15
     9
     7
     9
    10
    54
    31
    31
    63
    12
     0
     0
     0
     0
     0
     0
     0
     0
   352
     7
    10
     8
     9
    55
     0
     0
    21
    10
     0
    60
    68
    31
    39
     0
     0
     0
     0
     0
     0
     0
     0
     0
   379
     6
     0
    15
     8
   155
    17
     0
     0
     7
     8
    17
    16
    23
    69
     0
     0
     0
     0
     0
     0
     0
     0
     0
   332
     0
    36
    20
    26
   136
     0
     7
     9
     0
    16
    30
    67
    54
    63
     0
     0
     0
     0
     8
     0
     0
     0
     0
   364
    14
     8
     6
    14
   146
    18
    10
     0
    16
    17
    47
    22
    35
    56
     9
     8
     0
    13
     0
    26
     0
     0
    18
   184
   228
     6
    18
     0
    25
    29
     7
    85
    82
     8
    19
     7
    21
    47
    47
     0
     6
     9
     0
     9
    21
     0
     9
   263
   184
     9
     0
    18
     0
    13
     6
   108
   150
     7
    16
     0
    95
    67
    28
     8
     0
     0
     0
    10
     0
     0
     0
   363
     0
    20
     6
     0
    49
    15
     9
    12
     6
    43
    46
    65
    10
    40
     0
     0
     6
     0
     8
     0
     8
     0
     0
   461
    11
    10
     7
    11
   167
    14
     0
     8
     9
     9
    40
    31
    23
    29
     8
     0
     0
     0
     0
     0
     0
     0
     0
   410
     9
    12
    17
     7
    91
     0
     0
     0
    10
     7
    27
    35
    29
    20
     0
     0
     0
     0
     0
     0
     0
     0
     0
   362
     0
    15
     0
    25
    88
     7
    30
     9
    12
    10
    52
    46
    28
    40
     0
     0
    11
     6
     8
    14
     0
     0
     0
   451
     8
    19
    16
     0
   111
    13
    15
     8
    14
     0
    50
    23
    42
    24
     0
     0
    10
     0
    10
    18
     0
     8
     0
   181
   223
    15
     0
     0
    12
     0
    16
   133
   142
    16
    26
    18
    43
    56
    24
    15
     6
     0
     0
     0
     0
     7
     0
   260
   202
     0
     6
     0
    23
     6
    14
   122
   172
    19
    29
    17
    28
    51
    21
     0
     0
     0
     0
     0
     0
     9
     0
   395
    15
     0
     6
     9
   150
     8
     6
     6
     0
    27
    52
    38
    31
    21
     0
    18
     0
     0
     9
     0
     0
     0
     0
   372
     6
    21
     8
    16
    86
    12
     0
    18
     0
     7
    25
    30
    54
    42
     8
    11
     7
     7
     0
     0
     0
     0
     0
   395
    28
    18
     0
    10
    81
     0
     0
    10
     0
     0
    36
    24
    34
    36
     7
     0
     0
     0
    16
     0
     7
     0
     0
   345
     0
    38
     0
     0
   148
     0
    15
    24
    16
     0
    39
    59
    64
    31
     0
     0
     0
     0
    10
     0
     0
     0
     0
   411
    14
    12
     0
    15
   152
     0
     6
     0
    22
     0
    33
    40
    60
    42
     0
    15
     0
     8
     0
     0
     0
     9
    17
   224
   226
     0
    15
     7
    29
    12
    28
   107
    42
    25
     7
    24
    29
    37
    23
    17
     6
     0
     0
     0
    10
     0
     0
   166
   245
     8
    35
    15
     0
     0
     6
    65
    84
     0
     0
    29
    65
    63
    41
     0
     0
     8
     0
     0
     0
     9
     0
   374
    10
     8
     8
    12
   102
    19
     8
     0
    14
     0
    24
     9
    50
    13
     0
     0
     0
     0
     7
     0
     0
     0
     0
   395
     7
     8
    15
    10
   118
     9
     9
     9
    25
    26
    42
    12
    36
    49
     0
     8
     0
    16
     0
    14
    10
     0
     0
   429
    28
     7
     0
    19
    64
     0
     0
    10
     0
     0
    27
    18
    29
    58
     0
     0
     0
     0
     0
     0
     8
     0
     7
   409
    20
    22
     0
    11
   128
     7
    12
     0
    13
    11
    18
    37
    52
    74
    12
     0
    16
     0
     0
     0
     0
     0
     7
   308
    54
     0
    23
    10
   136
    16
    19
     0
    29
     0
    43
    28
    64
    25
     0
    11
     0
    17
     0
    15
     9
     0
     0
   192
   231
    20
     9
    10
    10
    13
     8
   151
   171
     9
    10
     9
     9
    29
    33
    17
     0
     0
     0
     0
    16
    18
     0
   172
   193
    18
     0
     0
    18
     0
     9
   111
    81
     7
     0
     0
    49
    65
    65
     0
     0
     0
     0
     0
     0
     0
     0
   415
     0
     0
     0
    11
   122
     0
    24
     0
    16
     9
    16
    15
    14
    36
     0
     0
     0
    10
     0
     0
     0
     0
     0
   379
    18
    27
    14
    20
   173
     0
     0
     7
     0
    20
    17
    61
    38
    27
     0
     0
    15
     0
     0
     0
     0
     0
     0
   347
     0
     7
     9
     0
   113
    16
    34
    26
     0
     7
    51
    28
    70
    34
     0
     0
     7
     0
     7
     0
     0
     0
     0
   349
    22
    20
     0
     0
   134
     0
     9
     6
     0
     0
    37
    16
    68
     6
     8
     0
     8
     0
    10
    10
     0
     0
     0
   529
     0
     0
    19
    28
   119
     0
    52
    16
    10
     8
    48
    20
    39
    16
    11
     0
     8
    14
     7
     0
     0
     6
     7
   258
   208
     0
     9
     0
     0
     0
    28
   120
   136
    25
     6
     0
    47
    48
    94
     8
     0
     6
     0
     9
    10
     0
     0
   202
   231
     8
     7
    10
     7
     0
    12
    93
   123
     7
     8
     6
    71
    55
    17
     0
     0
     0
     0
     0
     0
    11
     7
   554
     0
    21
     0
     0
   223
     0
    15
    20
     0
    34
    23
    19
    42
    58
     0
     0
     0
     8
     0
     8
    17
     0
    19
   434
     0
    10
    15
    10
   201
     0
    10
    16
    17
     0
    53
    71
    39
    48
     0
     9
    13
     0
     0
     0
     0
     0
     0
   372
    10
     0
    17
    29
   165
    11
     0
    24
     0
     0
    41
    37
    27
    35
     0
     6
     0
     0
     0
     0
     0
     0
     0
   375
     0
    28
    15
     0
   123
    27
    18
     0
     0
     9
    73
    31
    39
    17
     0
     0
     0
     0
     0
     0
     0
     0
     0
   444
    17
    15
    23
     9
   110
     7
     7
    13
    15
    17
    47
    32
    58
    59
     0
     0
    13
     7
     0
     7
     8
     0
     0
   245
   246
     0
     0
     7
    16
     0
     7
   127
    95
     9
    21
     9
    55
    32
    16
    19
    14
    15
    19
     9
     0
     0
     0
   181
   228
    29
    43
    13
    23
     9
     6
   109
   110
     6
    16
     0
    79
    75
    34
     0
     0
     9
     0
    10
     0
     0
     0
   485
    12
     0
     0
    17
    97
     9
     0
     0
     0
     9
    56
    70
    40
    76
     0
     0
     0
     0
     0
     0
     0
     8
     0
   378
    24
    16
    31
    31
   108
    26
    18
    25
    20
    18
    51
    15
    56
    19
     0
     0
     7
     0
     6
     0
     0
     8
     0
   397
     0
     0
     8
     0
   137
     0
     0
    24
     6
    17
    72
    69
    56
    74
     0
     0
     0
     0
     0
     0
     6
     0
    10
   392
     9
    14
     0
     8
   154
     8
     0
     7
     7
    17
    63
    15
    57
    27
     0
     0
     0
     0
     0
     0
     0
     0
     0
   331
     8
     7
     9
    18
   163
    17
    38
     0
    12
     9
    68
    64
    55
    54
     8
     0
    14
     0
    14
    18
     0
     0
     6
   247
   157
     0
    23
     0
    16
    40
     0
   117
    91
     0
     7
    26
    36
    65
   103
     0
     6
     0
     0
     0
     7
     0
     0
   220
   276
    22
    25
    28
    16
     9
    27
   146
    92
    42
     0
    17
    33
    32
    48
     0
     0
     9
     0
     0
    13
     7
     6
   446
    27
    11
    11
     7
    96
     8
     0
     0
     7
     8
    84
    62
    36
    71
     0
     0
     0
    10
     0
     0
     0
     0
     0
   476
    15
    10
     8
    10
    95
    32
     0
     0
     8
    22
    51
    85
    16
    33
     0
     8
     0
     0
    11
     0
     0
     0
    11
   338
     0
    10
     0
     9
    90
     0
     0
     7
     0
     8
    53
    15
    38
    48
     0
     0
    10
     9
     0
     8
     0
     0
     9
   505
    23
    11
     0
     0
   125
     8
     7
     0
     8
    40
    72
    42
    25
    32
     0
     0
     0
     0
     9
     0
     0
     0
     0
   408
     9
     0
     6
    28
   110
    17
    10
    24
    10
    16
    66
    46
    15
    46
     0
     0
    13
    19
     0
     7
     0
    20
     0
   213
   267
     9
    12
    39
     7
    35
    14
    73
   183
     0
     7
    14
    57
    19
    27
     0
     6
     6
     7
     0
     0
    10
     6
   217
   274
    22
     0
     0
     8
    17
    33
    62
   103
    41
    10
     0
    30
    41
    45
     0
     0
     0
     0
     0
     0
     0
     0
   386
     9
     0
     0
     0
   149
     9
    30
    17
     6
     0
    67
    39
    36
    31
     8
     0
     0
     0
     0
     0
     0
     0
    15
   390
     0
    27
    13
     0
   178
     0
     0
    15
    15
     0
    59
    48
    23
    49
     9
     6
     0
     0
     6
     0
     0
     0
     0
   354
     0
    15
     6
     7
   152
    23
    20
    28
    13
    17
    15
    65
    36
    49
     0
     0
     0
     0
     0
     0
     0
     0
     0
   372
    25
    26
    10
    27
   153
    15
     7
    21
    19
    20
    23
    28
    69
    40
     0
     0
     8
     0
     7
     0
     0
     0
     8
   503
     8
     7
    16
    17
   126
     8
     0
     0
    18
     8
    32
    38
    81
    43
     0
     0
     0
     7
     9
     0
     0
     8
    23
   211
   203
     8
    19
    16
    19
     0
    23
   116
    84
    30
    12
    16
    46
    47
    25
     0
     6
     0
    24
     0
     0
     0
     6
   185
   278
     0
    28
    26
     0
     0
     6
   135
   124
     0
     0
     0
    29
    29
    32
    11
     0
     0
     0
     0
     0
     0
     0
   450
     6
    18
    17
     0
    99
    19
     0
     7
    10
    31
    50
    69
     7
    44
     7
     0
     0
     7
     0
    10
     8
     0
     0
   525
     0
     8
    51
    18
   136
    18
     0
     6
    18
     6
    25
    29
     0
    35
     0
     0
     0
     8
     0
     0
     0
     0
     0
   551
     0
    16
     7
     7
   144
    23
     7
    15
     7
     0
    11
    67
    26
    53
     0
     0
     0
     0
     0
    21
     6
    10
     0
   452
    41
    13
    22
     0
   179
     0
     9
     0
    25
     0
     0
     7
     8
    11
     0
     0
     0
     0
     0
     0
     0
     0
     0
   515
    10
    23
    18
    26
   113
     0
    15
    11
     0
    11
     9
     9
    26
    53
     0
     0
    27
     0
     0
     0
     0
     0
     0
   291
   281
     0
     6
    11
     0
    35
    26
   154
   166
    11
     8
    15
    88
    53
    94
     0
     6
     0
     0
     0
     0
     7
     0
   231
   261
     9
    12
     0
     6
     8
     8
   166
    98
     9
    13
     0
    47
    73
    22
     0
     6
     0
     0
    10
     6
     0
     0
   444
     6
     0
     8
     9
   186
    17
    15
    28
    12
     8
    51
    38
    31
    31
     0
     7
     9
     7
     0
     7
    10
     0
     0
   465
    15
     7
     9
    17
   123
     7
    26
     8
     0
    10
    31
    64
    24
    53
     0
     0
     0
     0
     0
    11
     0
     0
     9
   476
     7
    11
     0
    20
   103
     0
     7
    10
     0
     0
    28
    43
    55
    33
     0
     9
     0
     0
    11
     0
     0
     0
    11
   399
     0
    10
    21
    16
   144
     6
     7
    23
    19
     7
    19
    42
    27
    32
     0
     0
     0
     0
     8
     6
     0
     0
     0
   477
    29
    13
     0
     8
   169
     0
    16
     0
     0
    10
    36
    94
    15
    33
     0
     0
    10
     9
     0
     0
     0
     0
     0
   236
   221
     8
     0
    10
     8
    10
     0
   108
   135
     7
    16
    10
    34
    31
    62
    24
     0
    10
     0
     0
     0
     0
     0
   194
   206
     0
    15
     0
    26
     0
    10
   193
    67
    27
     0
    15
    51
    32
    81
     7
     0
    10
     0
     0
     0
     0
    16
   329
     6
     9
     0
     8
   112
     7
    23
     0
    15
     6
    43
    41
    79
    32
     0
     0
     0
    13
     0
     8
     8
     0
     0
   519
     0
     0
    41
     7
   196
     6
    16
     0
     0
    10
    32
    44
    59
    87
     0
     0
     7
     6
     0
     0
     8
     0
     6
   488
     0
     8
    16
    15
   149
     7
    17
    16
    17
    29
    61
    52
    41
    30
     0
    10
     0
     0
     0
     0
     0
     0
     0
   561
     0
     6
    27
    27
   133
     7
    28
    15
     8
     8
    26
    45
    51
    27
     0
     0
     0
     0
     7
     0
     0
     0
     9
   388
     7
    12
     0
     9
   120
     0
     0
    16
    27
    28
    42
    65
    40
    43
     0
    21
     0
     0
     8
     8
     0
     7
     0
   336
   298
     0
    20
    15
    23
    28
    10
   139
    68
    19
     0
     7
    29
    59
    21
     0
     7
     7
     9
     0
     0
    10
     0
   281
   215
     9
     8
    29
    16
     7
    26
   103
   121
     8
    28
    10
    34
    58
   105
     0
     0
     0
     0
     0
     0
     0
     9
   451
    14
    17
     9
     0
   166
     0
    13
     9
     8
    49
    45
    47
    46
    35
     0
     8
     0
     0
     0
     7
     0
     0
    19
   443
     9
     0
    11
    15
   137
    22
     9
     8
     0
    26
    48
    50
    38
    64
    12
     0
     0
     0
     0
     7
     0
     0
     0
   504
    11
     9
     0
    12
   169
    25
    10
    17
    11
    25
    41
    40
    83
    69
     0
     0
     0
     0
     0
     8
     0
     0
     0
   435
     0
    24
    14
     7
   120
    15
     0
     0
     9
    15
    39
    16
    31
    52
     0
     0
     0
     0
     0
     0
     0
     0
     0
   510
    19
    16
     9
    21
   120
    12
    14
     7
     9
     9
    20
    32
    57
    50
     0
     7
    13
     7
    22
     0
     0
     0
     0
   209
   328
    27
     0
    15
    20
    32
     0
   113
   131
    16
    17
     7
    59
    23
    41
     0
     0
     6
     9
    17
     0
     0
     0
   283
   197
     0
     0
     7
     8
    23
    14
   134
    77
     0
     9
     0
    70
    63
    44
     9
     0
     0
     0
     0
    19
     6
     0
   378
     0
     0
    35
    19
   165
    10
    27
    10
     9
     7
    63
    45
    48
    55
    10
     0
     0
     0
     7
     0
    11
     0
     0
   468
    27
     0
     6
     6
   130
    18
    16
    20
     8
    19
    38
    62
    40
    71
     0
     0
     0
    12
     9
     0
     7
     0
     0
   456
     8
    22
    18
    15
   127
     9
     6
    19
    10
    51
    18
    68
    42
    56
     0
     0
     0
     0
     0
     0
     6
     0
     0
   501
     0
    13
     7
    11
   174
     8
    16
     9
     7
     0
    26
    83
    46
    82
     0
    10
     0
     0
    10
     0
     0
     0
     8
   408
    18
    19
    16
     0
    70
    50
     7
    16
     0
     0
    54
    35
    50
    35
     8
    10
     0
     7
     0
    22
     0
     0
    16
   238
   275
    17
    47
     0
     7
     9
    15
   174
   129
    12
    10
     9
    40
    36
    75
     9
     9
    10
     8
     0
     9
     0
    26
   243
   249
    43
    11
     9
     7
    19
     9
    94
   123
    24
     6
    27
    67
    61
    57
    10
     0
     6
     0
     6
     0
     0
    10
   443
     9
     0
    16
     9
   164
    15
     0
     0
     8
    29
    14
    37
    37
    77
     0
     0
     0
     0
     0
    10
     0
     0
     0
   455
     0
     0
     6
    16
   101
     0
     7
    18
    17
    23
    48
    42
    76
    31
     8
     0
     0
     0
     0
     0
     0
    15
     0
   488
    30
     0
    13
     6
    88
    12
    14
     0
    17
     7
     7
    54
    65
    81
     0
     0
     0
     7
     0
     0
     9
     0
     0
   462
    17
    12
     0
    22
   121
     0
     8
    10
     0
     8
    41
    26
    18
    68
     0
     0
     0
     0
     0
     0
     0
     0
     0
   606
     0
    19
    25
     8
   138
     0
     7
     9
    36
     0
    31
    40
    49
    18
     0
     7
     9
     0
     0
    18
     8
     8
     9
   315
   178
    17
     7
    28
    10
    16
     6
   188
   179
     9
     0
    16
    51
    75
    68
    11
     0
    10
     0
     7
     8
     9
     0
   260
   276
    31
    15
    36
    25
    19
     8
   118
   108
     0
     8
    39
    55
    60
    44
    11
    10
     0
     6
     0
     0
     0
    12
   429
     0
     0
    16
     9
   143
     0
     6
     0
    10
    36
    36
    74
    80
    38
     0
     0
     0
     8
     6
    11
     0
     0
     0
   463
     0
     9
     8
    33
   146
    23
    24
    31
     0
    11
    43
    55
    43
    44
     0
     7
     0
     7
     0
     0
     9
     0
     0
   467
    17
     0
    21
    15
   175
     8
    10
    11
     9
    19
    58
    67
    22
    30
     0
     0
    15
    16
     0
     0
     0
     0
     0
   505
     8
    15
     0
    22
   153
     0
    34
    16
     9
    23
    29
    72
    97
    30
     0
     0
     8
     0
    16
     0
     0
     0
    10
   451
    20
    10
     0
     7
    98
    17
    16
    18
     0
    24
    58
    60
    56
    33
     0
     0
     0
     8
     6
     0
     6
     0
     0
   282
   220
     0
     8
    21
    16
    16
     9
   150
   118
    20
    21
    18
    41
    43
    57
     8
     9
     0
    12
     0
     0
     0
    15
   298
   201
    33
     0
    16
     0
     0
     7
   106
   111
    23
     0
    17
    61
    36
    42
     0
     6
     0
     0
     8
     0
     0
     0
   536
    16
    18
    15
     8
   138
    18
     8
     0
    18
    13
    41
    24
    66
    10
     0
     0
