     0
     0
     0
     0
     0
     8
     0
   267
    15
     0
     9
    20
    87
     0
    17
     6
     0
    10
     6
    55
    23
    52
     0
     9
     0
     8
     0
    10
     0
     0
     0
   337
    15
     8
    13
     7
    89
     8
     0
     0
     0
     0
    49
    32
    26
    44
     0
     0
     0
     0
     8
     0
     0
     0
     0
   409
     0
     0
     0
    12
    62
    27
     8
    24
    11
     7
     9
    14
     8
    49
     0
     0
     8
     0
     0
     0
     6
     0
     0
   291
    33
     0
    16
     0
   109
     0
     0
    17
     9
     0
    15
    26
     9
    38
     0
     0
     0
     0
     0
     0
     8
     0
     8
   270
     7
     6
    31
     0
   125
     0
    24
     0
     0
    16
    18
    34
    28
    13
    17
     0
    16
     0
     0
     0
     0
     6
     0
   151
   161
     0
     8
     0
     0
    43
    15
    85
   143
     0
     0
     0
    25
    24
     8
    17
     8
     6
     0
    18
     0
     7
    17
   184
   100
     6
     7
    14
    10
     7
    12
   115
   103
    14
    15
    12
    30
    19
    26
     0
     0
     0
     0
     0
     0
     0
     0
   211
    11
     0
    11
    15
    82
    11
     0
     9
     0
    15
    21
    44
    49
    31
     0
     0
     0
     0
     0
     0
     8
     0
     0
   236
     8
     8
    14
    28
    75
     0
    14
     0
     0
     0
    15
    22
    37
    21
     0
     0
     0
     0
     0
     0
     0
     0
    18
   193
     0
     7
     9
     0
    95
     7
     6
     6
    10
     0
    53
    66
    17
    10
     0
     0
     0
     0
     0
     0
     0
     0
     0
   355
     8
    26
     0
    17
    59
     6
     0
    15
     0
     0
    23
    12
    48
    18
     0
     0
     0
     0
    20
     0
     0
     8
     0
   317
    31
     7
    23
     0
    73
     0
     0
     0
     0
    21
    21
    49
    27
    16
     0
    15
     8
     0
     0
     0
     0
     9
    10
   183
   238
    10
     7
     8
     6
     9
     9
   114
    93
    19
     0
     8
    92
    34
    77
     0
     0
     0
     0
     0
     7
    10
    11
   146
   134
     0
    17
     0
    26
    15
    15
    44
    66
     6
     6
    17
    45
     0
    34
     0
     0
     0
     0
     0
     0
     0
     0
   318
     0
     0
     6
     0
    91
    15
     0
     0
     0
     0
     8
    35
    17
    44
     0
     0
     7
     0
     0
     0
     0
     0
     8
   266
     0
     0
     8
     6
   141
     0
    14
     0
     8
     0
    38
    31
    86
    17
     0
     9
    11
     0
     0
     0
     0
     0
     0
   285
     0
     0
     0
     0
    84
    10
     0
    28
     6
     0
    54
    10
    15
    16
     0
     0
     0
    11
     0
     0
     6
     0
     6
   327
     0
    17
     9
     9
    82
    16
    15
    18
    20
     0
    16
    16
    18
    26
     0
     0
     0
     0
     0
     0
     0
     0
     6
   264
     9
    11
     8
     0
    85
     0
     9
     0
     9
     0
    47
    16
    17
    10
     0
     0
     9
     0
     0
     7
     0
     0
     0
   153
   172
    24
     0
     0
     9
     7
     0
   104
    81
    11
    10
     0
     9
    29
    34
    10
     0
     9
     0
     0
     0
     0
    21
   151
   227
     6
     0
     0
     0
     8
     8
   123
    55
    11
     0
     0
    24
    24
    11
     0
     0
     0
     0
     0
     0
     0
     7
   313
    11
     8
    10
    23
    54
     0
     0
     8
     7
     8
    31
    25
    33
    30
     0
     0
     0
     0
     0
     0
     0
     0
     0
   400
    38
     7
    20
     0
   174
    23
     0
     9
    10
    10
     7
    29
    83
    28
     0
     7
     0
     0
     0
     0
     0
     0
    11
   308
     0
    11
     0
    14
   117
     0
     0
    35
    10
     0
    20
    35
    35
     9
     6
    10
     0
     0
    19
     0
     0
     0
     6
   234
     8
    12
    18
     9
   109
     6
    22
     0
    15
     0
    49
    26
    37
    16
     0
     0
     0
     0
     0
     0
     0
     0
     0
   302
     0
    19
     0
    25
    86
     8
     0
     0
     7
     0
    34
    50
    36
    33
     0
     6
     0
     0
     7
     0
    11
    20
     0
   152
   178
    17
     0
    17
    14
     0
     9
   140
    58
    18
    10
    27
    45
    25
    45
     0
     0
     8
     0
     0
     0
     0
     7
   164
   195
     8
    23
     0
    22
    16
     0
   124
    88
     8
     9
    16
    24
    29
    24
     0
     0
     0
     0
     0
     0
     0
     0
   311
     0
     8
     0
    10
   159
     0
     7
    16
     0
    14
    35
    15
    31
    10
     0
     0
     0
     0
     0
     0
     9
     9
     0
   298
     0
     0
     0
     9
   131
     0
    25
    10
     0
     0
     9
    28
    25
    85
     9
     0
     0
     0
     6
     0
     0
     0
     0
   282
     0
     0
     0
     8
    69
     0
     0
    10
    13
     0
    23
    18
    37
     8
     0
     0
     0
    12
     0
     0
     0
     0
     0
   290
    14
     0
    29
     7
    91
    16
    17
     0
     8
    11
    40
    14
    45
    13
     0
     0
     0
     0
     7
     0
     9
     0
     0
   281
    16
    18
    10
     9
    99
    28
    10
     8
    22
     6
    32
    30
     8
    36
     0
     0
     0
    19
     8
     0
     0
     7
    15
   231
   174
    17
    14
    12
     0
    19
     7
    42
   127
     7
     0
     9
     7
    54
    22
     0
    18
     0
     0
     8
     0
     0
     0
    94
   166
    13
     8
    16
     0
     0
     0
    51
    91
     0
     9
     0
    32
    17
    37
     0
     6
     0
     8
     0
     0
     0
     0
   348
     0
     6
     0
     0
    81
     6
     7
    10
     0
    18
    28
     7
    40
    10
     0
     0
     0
     0
     0
     0
     0
     0
     0
   369
     7
     0
    15
    22
    89
     0
    21
     0
     8
     8
    32
    39
    48
    45
     0
     0
     0
     0
     0
     0
     0
     0
     9
   319
     7
     9
    11
     0
   141
    24
     0
     0
     0
     9
    47
     0
    13
    28
     0
     0
     0
     0
     0
    15
     0
     0
     0
   250
     0
    10
     8
     0
    71
    23
    13
     8
     0
     7
    25
    41
    15
    56
     0
     0
     0
     0
     0
     0
     9
     0
     0
   323
     8
    27
    17
     0
    63
    23
     8
     0
     6
     0
    29
    33
    24
    34
     0
     0
     0
    24
     0
     0
     8
     0
     0
   190
   211
    11
     6
     0
     8
     8
     0
    75
    96
     8
     7
     0
    27
    31
    60
     9
    10
     0
     7
     0
     0
     0
     0
   187
   234
     6
    10
    17
     9
     0
     0
   112
    99
     7
     0
     7
    22
    47
    26
     0
    12
     0
     0
     0
     0
     0
     0
   259
     6
    23
     8
     8
    87
    11
     0
     8
     0
     0
    26
    31
    18
    36
     0
     0
     0
     0
    10
     0
     0
     0
     0
   349
     0
     7
     0
     0
    81
     0
     8
     0
     0
     0
    47
    29
    36
     6
     0
     0
     0
     0
     0
     0
     6
     8
     0
   336
    14
     0
     7
     8
   114
     0
     0
    17
     0
     0
    34
     6
    15
    13
     7
     0
    10
     0
     0
     0
     0
     0
     0
   331
    10
     8
     7
    22
    42
     8
     0
     7
    16
     0
    39
    30
    23
    33
     0
     8
     7
     0
     0
     0
     0
     0
     0
   297
    20
     8
     0
    14
    88
    16
     0
    12
     0
    17
    12
    34
    33
    26
     0
     0
     0
     0
     0
     0
     7
     0
     0
   178
   154
     8
    39
    10
     0
    11
     0
    96
    70
     0
     9
    25
    34
    30
    16
     0
     0
     0
     8
     0
     7
     0
    17
   178
   166
    19
     0
    10
    21
    15
     0
    64
    78
     0
    11
     0
    33
    58
    47
     0
     0
     0
     0
     0
     6
     9
     0
   236
     0
     0
     8
    11
    52
     0
    10
    18
    18
     0
    49
     8
    17
     8
     0
     0
     0
     9
     0
     0
     0
     9
     0
   316
    11
     7
     0
    14
   128
     0
    16
     0
     0
    16
    16
    29
    22
    24
     0
    11
     0
     0
     0
     0
     0
     0
     0
   278
     8
    18
     0
     0
    92
     0
    12
     0
     0
    15
    28
     6
    43
    22
     0
     8
     0
     0
     7
     0
     0
     0
     0
   301
     8
     7
     0
    18
   104
     6
     8
     8
    13
     0
    22
    41
    43
    27
     0
     0
     0
     0
     9
     0
     0
     0
     0
   364
     9
     0
     9
    10
   120
     0
    10
     0
     0
     8
    22
    33
    29
     6
     8
    17
     0
     0
    11
    19
     0
     0
     0
   139
   146
    30
     7
    10
     0
     9
    17
    66
    84
     7
    11
    15
    50
    40
    30
     0
     0
     0
     8
     0
     9
     0
     0
   182
   136
     0
     7
     7
     0
     0
    15
   143
   115
    20
     0
     0
    21
    21
    32
     0
     0
     0
     0
     0
     0
     0
     0
   358
     0
     0
     6
    33
    73
     0
     0
     7
     0
     8
    18
    39
    16
    45
     6
     0
     0
     0
     0
     0
     0
     0
     0
   325
    21
     7
    19
     9
   159
    31
    23
     0
     0
    11
    39
    42
    38
    36
     0
     0
     0
     0
     0
    10
     0
     0
     0
   318
     8
     0
     0
     0
    98
     7
     7
    17
     0
    21
    38
    48
    36
    42
     0
    12
     8
     0
     0
     0
     0
     0
     0
   255
     0
     0
    30
     9
    83
     0
     0
     9
     0
     0
    52
    23
    39
    38
     0
     0
     0
     0
     0
    12
     0
     0
     0
   235
     0
     0
     6
     9
   130
     0
     9
     0
    18
     6
    38
    16
    72
    30
     0
     0
     0
    19
     9
    17
     9
     0
     0
   111
   163
    23
     7
     6
     6
     7
    10
    84
    49
    23
    27
    10
    26
    34
    19
     0
     9
     0
     8
     0
     0
     0
     0
   128
   224
     6
     7
    15
    27
     8
    15
    42
    72
     9
     0
    16
    42
    34
    15
     0
     0
     0
     0
     0
     0
     0
     0
   230
     0
     0
    20
     6
   124
     0
     0
     0
    18
    21
    16
    57
    25
    27
     0
     0
     0
     0
     0
    10
     0
     0
     0
   205
    15
     0
    11
    10
   132
    19
     0
     0
     0
     0
    43
    27
    23
    27
     0
     0
     0
     0
    14
     0
     0
     0
     0
   292
    22
     0
    10
     0
    46
     0
     8
     0
     8
    16
    54
    32
    35
    40
     0
     0
     8
     0
     0
     0
     0
     0
     0
   186
     7
     0
    24
     0
    82
    10
     0
     7
     0
     0
    41
    10
    45
    44
     0
     0
     0
     0
     7
     0
     0
     0
     0
   287
     9
     0
     8
     7
    55
    10
    15
     0
    17
     8
    42
    17
    42
    57
     0
     0
     0
     0
     0
     0
     9
     0
    17
   171
   152
     0
    11
    19
     8
     0
     0
    50
   130
     0
     0
     0
    36
    38
    36
     6
     0
     7
    10
     9
     0
     0
     0
   160
   156
     0
     0
     0
    16
     0
     0
    50
   118
    15
     0
     8
    12
    33
    49
     0
     0
     0
     0
     0
     0
     0
    10
   276
     8
     0
     0
     6
    66
    24
     8
     7
    23
     0
    51
     8
    32
    43
     0
     0
     0
     0
     0
     0
     0
     0
     0
   289
     0
     0
     0
     0
   190
    19
     8
     0
     0
    21
    24
    37
    16
    50
     0
     0
     0
     0
     0
     0
     0
     0
     0
   296
     0
     0
     0
     7
   101
     0
     8
     6
     8
     8
    33
     0
    12
    23
     0
     0
     0
     0
     0
     6
     0
     0
     0
   285
     0
     8
    11
     0
   138
     0
    16
    10
     9
     0
    55
    19
    63
    17
     0
     0
     6
     6
     0
     0
     0
     0
     0
   254
     0
     0
     7
     7
    74
     0
     0
    10
     7
     7
    27
    19
    12
    13
     0
    11
    20
    11
     0
     8
     7
     0
     0
   153
   129
     0
    15
    17
    17
     9
     0
   129
    61
     9
    12
     7
    16
    41
    38
     0
     0
     6
     0
     0
     0
     0
     0
   142
   141
    20
     6
     0
    11
     7
     8
    98
    70
     0
     7
     0
    43
    42
    34
     0
     7
     0
     0
     0
     0
     0
     0
   306
    18
     0
     9
     0
   117
    26
     0
     0
     0
     6
    27
    37
     8
     6
     0
     0
     0
    17
     0
     0
     0
     0
     0
   250
     6
    23
     0
     0
    76
     0
    20
     0
    17
     7
    15
    48
    29
    42
     0
     0
     0
     0
     9
     0
     0
     0
     0
   398
     0
     7
     9
     0
    74
     0
     0
     0
     8
     9
    33
    11
    17
    24
     0
     0
     9
     0
     0
     0
     0
     0
     0
   245
     8
     0
    10
     0
    77
    14
    18
     0
    18
     0
    14
    24
    22
    18
     0
     0
     0
     0
     0
     0
     0
     0
     0
   321
     0
     0
    15
    18
   119
     0
     0
     8
     0
     0
     0
    41
    34
    25
     0
     0
     8
     9
    11
     8
     0
     0
     0
   204
   169
     6
     0
    15
     0
     0
     0
    87
    68
     0
     7
     6
    48
    20
    16
     0
    15
     0
     0
     0
     0
     6
     0
   233
   243
    16
     0
     7
     0
     7
     0
    57
    69
     0
     8
     0
    18
    60
    33
     0
     0
     0
     0
     0
     0
     0
     0
   220
     8
     0
     0
     6
   111
     8
     9
     8
    20
     0
    33
    38
    15
    25
     0
     0
     0
     6
     0
     0
     7
     8
     0
   332
     6
    14
     0
     6
    76
     7
     7
     9
     0
     8
    32
    34
    14
    19
     0
     0
     0
     0
     0
     0
     0
     0
     0
   310
     8
    15
     0
     6
    68
    21
     6
     6
     0
    19
    14
    10
     9
    37
     0
     0
     0
     0
     0
     0
     0
     0
     0
   234
     9
    17
     0
    11
   137
     8
     0
     0
     0
     6
    47
    52
    18
    23
     0
     0
     0
    16
     0
     0
     0
     7
     0
   227
     0
     9
     0
     0
    43
     0
     0
     0
     0
     8
    20
    31
    36
    16
     0
     6
     0
    11
     8
     0
     0
     0
     9
   111
   181
     8
    18
     8
     8
     8
    35
    83
    54
     0
    28
    10
    62
    37
    65
     0
     9
     0
     0
     0
     0
     0
     0
   248
   190
    10
    20
     7
     0
    19
     8
   116
    82
     0
     8
    10
    93
    39
     0
     0
     0
     0
     0
     6
     0
     0
     0
   282
     0
     0
     9
    25
    68
     0
     7
     8
     0
    15
    31
     0
    30
     6
     0
     0
     0
     0
     0
     0
     0
     0
     0
   295
     0
    22
     7
     0
    84
     0
    17
     0
     9
     0
    34
    17
    49
    31
     0
     0
     9
     0
     0
     0
     0
    19
     0
   265
     8
     8
     0
    10
    96
     7
    17
     0
     7
     0
    47
    26
    46
    30
     0
     0
     0
     0
     6
     0
     0
     0
     0
   261
     8
    10
    28
    15
   104
     0
    17
     0
     9
     0
    30
    26
    25
    16
     6
     0
     0
     0
     0
     0
     0
     0
     8
   241
     9
     0
    10
    23
    63
    13
     0
     7
    18
     9
     9
    17
    11
    48
     0
     0
     0
     7
     0
    20
     0
     7
     0
   201
   138
     8
    33
     0
     7
    15
     9
    88
    93
     7
     8
     0
    10
    27
    52
     0
     9
    11
    25
     6
     0
     0
     0
   242
   168
    14
     0
    10
     0
     0
     0
    68
   131
     6
     0
     8
    44
    15
    39
     0
     0
     0
     0
     0
     0
     0
     9
   203
     0
    20
     0
     0
    98
     9
    19
     0
     6
    25
    28
    45
     6
    50
     0
     8
     0
     8
     0
     0
     0
     0
     0
   261
     0
    18
     0
     6
    78
     7
     6
     0
    19
     9
    40
    44
    20
    16
     0
     0
     0
     0
     0
     0
     0
     0
     0
   302
    10
     0
     0
     0
   137
     8
     0
     0
     0
     0
     8
    44
    26
    26
     0
     0
     0
     0
     0
     0
     0
     0
     0
   287
     6
     8
     6
    19
    90
     9
     0
    30
     0
     8
     6
    39
    17
     7
     0
     0
     0
     0
     9
     0
     0
     0
     0
   316
     8
     0
     0
     0
    59
     0
     0
     9
     6
     0
     8
    56
    17
    30
     0
     0
     0
     0
     0
     0
     0
     0
     9
   199
   179
     7
     0
    18
     6
    19
     0
    60
    73
     9
     6
     7
    40
    15
     6
     0
     0
     0
     9
     0
     0
     0
     7
   215
   209
    11
     0
     8
    28
     0
     0
    80
    67
     0
     7
     8
    16
    50
    34
     6
     0
     0
     0
     0
     0
     0
     0
   266
    10
     6
     8
     7
    86
     0
     9
     8
     0
     0
    38
    23
    40
    25
     0
     0
     0
     7
     8
     0
     0
     0
     0
   294
     0
     7
     0
     0
   118
    23
     0
     0
     0
     0
    52
    17
    15
     8
    12
     0
     0
     0
     9
     0
     0
     0
     0
   368
    13
     8
     7
     0
   128
    10
    19
     0
    24
     0
    41
     9
    31
    52
     0
     0
     0
     0
     0
     0
     0
     0
     0
   381
    15
     9
     0
    18
    83
     0
     0
    11
    17
     0
    15
    31
    16
    59
     0
     0
    10
     0
     0
     0
     0
     0
     0
   200
     0
     9
    11
     6
    33
     0
     6
     0
    16
     0
    47
    41
    40
    15
     7
     0
     0
    10
     0
     6
    12
    11
     9
   223
   128
     0
    11
     0
     0
    18
    17
   117
    58
    10
     9
     0
    39
    39
    15
     0
     0
     6
     0
     0
     0
     7
     9
   137
   152
     9
    22
    26
    28
    16
     0
    90
    87
    12
     8
    12
    37
    27
    26
     0
     0
     0
     0
     0
     0
     0
     0
   328
     0
     9
     0
    16
    73
     0
    28
     6
    10
    10
    43
    32
    63
    32
     0
     0
     0
     0
     7
     0
     0
     7
     0
   288
     0
     9
     9
     0
   110
     0
     0
     0
     0
    16
    35
    17
    41
    10
     0
     0
     8
     0
     0
     0
     7
     0
     7
   252
    18
    20
    27
     7
    86
    24
     9
    18
    14
     0
    37
    24
    25
    21
     9
     0
     0
     0
     9
     0
     7
     0
     0
   200
    10
     0
     7
    20
    61
     0
     0
     8
    10
     8
    34
    50
    37
    15
     8
     9
     6
     0
     0
     0
     0
     0
     0
   221
     6
    15
     8
     0
    53
     0
    24
     0
     0
     0
    20
    12
    42
    69
     0
     0
     0
     0
     0
     0
     0
     0
    11
   143
   168
     0
     0
     0
     0
    10
     0
    58
    57
    20
    25
     0
    13
    17
    52
     0
     0
     0
     0
     0
     9
    14
     8
   132
   112
     8
     7
     0
     0
     0
     8
    73
    90
    12
    23
    15
    41
    44
    30
     0
     0
     0
     0
     0
     0
     0
     0
   269
    17
     0
    24
     8
   108
    15
     0
     0
     0
     0
    28
    68
    18
    46
     6
     0
     0
     0
     0
     0
     0
    11
     7
   250
     8
     9
    18
    18
   104
     6
     0
     0
     6
     6
    17
    26
    54
    23
     0
     0
     0
     0
     0
     0
     0
     0
     0
   263
     6
     0
     0
     7
   115
     0
     0
     0
     0
     8
    22
     9
    27
    26
     0
     0
     0
     0
     0
     0
     6
     0
     0
   205
    16
     0
     0
    30
   128
     0
     8
     7
    10
     0
     6
    25
     7
    39
     0
     0
     0
     6
     0
     0
     0
     8
     0
   277
     0
     0
     0
     7
    86
     7
     9
     0
     0
     9
    30
    38
    49
     8
    10
    17
     0
     0
     0
    12
     0
     0
     0
   167
   128
     7
    34
     7
     0
    28
     7
    93
   104
    10
     0
     7
    39
    26
    13
     0
     8
     7
     6
     9
    10
    15
     0
   142
   185
    16
     7
     0
    18
    10
     0
    67
    48
    15
     0
     0
    27
    46
    41
     0
    28
     8
     0
     0
     0
     0
    10
   277
     0
     8
    27
     0
    46
    16
     0
     9
     7
    25
    28
    29
    46
    50
     0
     0
     9
     0
     0
     0
     0
    10
     0
   273
     0
     6
     0
     0
   118
     0
    17
    12
    10
     0
    18
     6
    48
    23
     7
     7
     0
     0
     0
     0
     0
     0
     0
   345
    11
     9
     0
     8
    73
     0
     0
    15
     8
     6
    46
    21
    23
    55
     0
     0
     9
     0
     0
     9
     0
     0
     0
   228
    17
     6
    13
     0
   139
     0
     0
     7
     0
     0
    19
     9
    26
    28
     0
     0
     0
     0
     0
     0
     0
     0
     0
   325
    15
     0
    21
     0
    80
     0
     0
     0
    17
     0
    43
    39
    11
    55
     0
     9
     0
     0
     0
     8
     0
     0
     0
   216
   115
     0
     6
     0
     9
     0
     8
    41
   134
    20
     0
     8
    32
    20
    15
     0
     7
     0
     0
     0
     0
     0
     0
   136
   187
     0
    10
    17
    10
     8
     0
    67
    65
     0
     8
    23
    47
    18
    17
     0
     0
     0
     0
     0
     0
     9
     0
   308
     9
     0
     0
    29
    71
     0
    12
    23
    23
    11
    28
    39
    15
    16
     0
     0
     0
     0
     8
     0
     0
     0
     0
   366
    10
     0
    11
     0
    44
     0
     0
     0
    22
    25
    43
     0
     8
    27
     0
     0
     0
     0
     0
     0
     0
     0
     7
   209
     0
    15
     8
    18
    69
     0
    16
    11
     0
     0
    20
    27
    14
    24
     0
     0
     7
     0
     0
     0
     0
     0
     0
   292
     0
     6
     0
     6
    97
     9
     0
     0
     0
    17
    26
    26
     0
    46
     0
     0
     0
     0
     0
     0
     0
     0
     0
   274
     0
     8
     0
    18
    44
     0
     0
    27
     0
    20
    16
    10
    17
    10
     0
    10
     0
     0
     7
     0
    20
     6
     0
   184
   131
     0
     0
    11
    19
    15
    12
    96
    68
    27
    12
    16
    40
    36
    40
     0
     0
     0
     6
     9
     0
     0
     0
   135
   164
     0
     0
     0
    16
    17
    33
    22
    58
     0
     6
    34
    10
    13
    15
     0
     0
     0
     0
     0
     0
     0
     0
   349
     0
    18
    18
     0
    81
     6
     0
     0
    16
     7
    18
    18
    23
    26
     0
     0
     0
     0
     0
     0
     8
    10
     0
   158
     0
     0
     6
    14
   124
     8
     0
     9
     0
     0
    26
    29
    30
    18
     0
     0
     0
     0
     0
     0
     8
     0
     0
   252
     6
     6
     0
    10
    86
     0
    18
     8
    12
    10
    71
    50
    14
    12
     0
     0
     0
     0
     0
     9
     0
     0
     0
   275
     0
    17
     9
    12
   124
     9
    11
     0
     0
     0
    32
    16
     8
    32
     0
     0
     0
     0
     0
     0
     0
     0
     0
   286
     0
     0
     7
     7
   110
     0
     0
     0
     9
     9
     0
    41
     8
    25
     0
     0
    10
     6
     0
     0
    10
    17
     0
   225
   186
     0
    10
     0
     0
     9
     7
    41
    62
    18
    12
     0
    29
    26
    32
    21
     0
     0
     0
     0
     0
     0
     0
   160
   131
     8
     0
     0
    21
     6
     0
    52
    61
     6
    10
     0
    78
    34
    27
     0
     0
     0
     0
     0
     0
     0
     0
   257
     0
    21
     0
     7
    86
     0
     0
    11
     8
    34
    25
    16
    35
    49
     9
     0
     0
     0
     0
     7
     0
     0
     0
   297
     0
     0
    28
     0
    93
     0
    10
    10
     0
     0
    22
    15
    18
    24
     0
     0
     0
     0
     0
     0
     7
     0
     0
   281
    23
    30
    23
     7
    51
     0
     8
     0
     0
     0
    36
    26
    30
    63
     0
     0
     0
     0
     0
     0
     9
     0
     0
   196
     0
     8
     0
     0
   122
     0
     0
     7
     0
     0
    35
    23
    39
    11
     0
     0
     0
     0
     0
     0
     0
     7
     0
   224
    10
     0
     0
     0
    98
     0
     7
     0
     7
     0
    14
    39
    21
    43
     0
     0
     9
     0
     0
    10
     0
     0
     9
   127
    71
     0
    17
     6
    10
     0
     7
   100
    54
     0
    28
     0
    57
    24
    20
     0
     0
     0
     0
     0
    11
    15
     8
   144
   151
     0
    19
    21
     8
     9
    11
    36
    80
    17
     0
    18
    41
    32
    29
     0
     0
     0
     0
     0
     6
     0
     0
   333
     0
     7
     0
     6
    72
     0
     0
     0
    11
     9
    28
    24
    24
    32
    12
     0
     0
     0
     0
     0
     0
     0
     0
   251
     0
    10
     0
     0
   108
     0
     0
     0
     8
     0
    46
     7
    17
    45
     0
     8
     0
     9
     0
     0
     0
     0
     8
   208
     7
     0
    18
     6
    56
     0
    15
     0
    10
     0
    21
    57
     8
    25
     0
     0
     0
     0
     0
     0
     0
     0
     0
   268
    34
    14
    11
    17
    86
     0
     0
     0
    11
     0
    34
    36
    34
    28
     7
     0
     0
     0
     0
     0
     0
     0
     0
   316
     8
    16
    24
     0
    57
     0
     9
    19
     6
    13
     0
    36
    28
     8
     0
     0
     7
     0
    11
     0
     0
     0
     9
    98
   193
     7
     6
    13
     0
     6
     8
    92
    36
     6
     0
     9
    67
    58
    19
     0
     0
     7
     0
     8
     0
     0
     0
   130
   149
     0
     7
     0
     7
     7
     0
    42
    52
     0
     0
     9
    20
    18
     7
     0
     0
     0
     0
     0
     0
     0
     0
   302
    19
     9
    16
     6
    76
     0
     7
    12
    10
     0
    38
    26
    33
    24
     0
     0
     0
     0
     0
     0
     0
     0
     0
   281
     8
     9
     0
     0
    81
     0
    13
     0
     0
    10
     6
    34
    30
    13
     0
     0
     0
     0
     0
    18
     0
     0
     0
   336
    17
     8
     7
     0
    40
    19
     8
    16
     0
    16
    19
    14
     9
    19
     0
     9
     0
     0
     0
     0
     0
     0
     0
   260
     0
     0
    16
     0
    38
     9
     0
     0
     0
     0
    15
    29
    24
    33
     0
     0
     0
     0
     0
     0
     0
     0
     0
   234
     7
     9
     0
    10
    91
     6
    14
     7
     8
     6
     6
    17
     0
    58
     9
     0
     9
     9
     0
     0
     0
     0
     8
   169
    87
     7
     8
     0
    29
     0
     8
    49
    70
     0
     8
     0
    40
    38
    27
     8
     6
     0
     8
     8
    11
     0
     0
   143
   101
    18
    10
    10
     9
     0
     0
    76
    82
     0
     0
     0
    34
    41
    14
     0
     0
     0
     0
     0
     0
     0
     0
   196
    16
     0
     0
     0
    98
     0
     0
     0
     0
     0
    26
     0
    18
    35
     0
    11
     0
    10
     0
     0
     0
     0
     0
   286
     0
    23
    12
     0
    70
    16
    20
     0
     9
     8
    16
    35
     9
     6
     0
     0
     0
     0
     0
     9
     0
     0
     0
   259
     0
     0
     0
     0
    91
     0
     8
    15
     0
     0
    38
    26
    48
    43
     0
     7
     0
     0
    10
     0
     0
     0
     0
   262
     6
     0
    10
     0
    98
     9
    11
     0
    19
     0
    11
    14
    32
    16
     0
     0
     0
     0
     0
     0
     0
     0
     0
   268
    11
     9
     0
     0
    27
    14
     8
     6
    15
     0
    22
     9
    50
    10
     0
     0
     7
     0
    10
     0
     0
    17
     0
   135
   148
    28
     0
     7
     0
     0
     0
    98
    57
    15
     0
     7
    42
    19
    41
     9
    20
     8
     0
     0
     0
     0
     0
   162
    99
    18
     9
     8
    11
     9
     0
    32
    62
    11
    16
     6
    33
    28
    18
     0
     0
     0
     0
     0
     0
     0
     0
   344
     0
     8
    14
    10
    86
    14
     0
     0
     8
    17
    18
    22
    19
    38
     8
     0
     0
     0
     8
     0
     0
     9
    11
   268
     8
    22
     0
     0
    74
    25
     0
     0
     6
    13
    31
    21
    36
    45
     0
     0
     0
     0
     0
     0
     0
     0
     0
   237
     0
    18
     0
     0
    32
     0
     0
    13
     0
     0
    16
     0
    37
    16
     0
     0
     0
     0
     0
     0
     0
     0
     0
   228
     0
     0
     8
     6
    54
    12
     0
     7
     0
    13
    42
     0
    25
    45
     0
     0
     0
     0
     0
     8
     0
     0
     0
   223
     0
    18
     0
    22
   124
     0
     9
     8
     0
     0
    14
    35
    42
    49
     7
     9
     0
     0
     0
     7
     0
     0
     0
   109
   116
     7
     0
     6
     0
     0
     0
    54
    88
     0
     0
     0
    24
    33
    40
     7
     0
     0
     0
     0
    10
     0
     0
   187
   161
     7
     0
     9
     0
     8
    11
    64
   112
     0
     0
     6
    34
    15
     7
     0
     0
     0
     0
     0
     0
     0
     0
   242
     0
     7
     0
    21
    36
     0
     0
     7
     0
     9
    38
    22
    36
    39
     0
     6
     0
     8
     0
     0
     0
     0
    25
   251
    17
     0
    24
     0
    84
     0
     9
     0
     0
    15
    19
     9
     9
    33
     8
     0
     0
     0
     0
     0
     8
     0
     0
   177
     0
     8
     0
     7
    89
     8
     0
     9
     9
     6
     0
    54
    35
    28
     0
     0
     0
     0
     0
     0
     0
     0
     0
   237
     9
     0
     6
    11
    62
     7
     6
     0
     0
     0
    21
    13
    35
    45
     0
     0
     7
     0
     0
     8
     0
     0
     0
   235
    34
     0
     0
     0
    69
     6
     0
     0
     0
     0
    32
    37
    24
    33
     8
     0
     0
     0
     0
     0
     8
     0
    18
   172
   145
     0
    15
     0
     0
     6
     7
    50
    76
     7
     0
     0
    50
    56
    40
     0
     0
     0
     9
     0
     0
     0
    16
   142
   132
     0
     6
    10
     0
    33
    16
    68
    39
    10
     0
     8
    41
    10
    36
     0
     0
     0
    12
     0
     0
     0
     0
   251
    10
     9
     0
    19
   126
     9
    10
    10
    18
     0
     7
    25
    18
    62
     0
     0
     0
     0
     0
     0
     0
    11
     0
   229
     0
    18
     0
     0
    87
     6
    10
    17
     0
     0
    24
    22
    31
    10
     8
     0
     0
     0
    10
     0
     0
     0
     0
   283
     8
     6
     0
    20
    52
     0
     9
     8
    19
     0
    23
    28
    11
    36
    10
     0
     0
     0
     0
     0
     0
     0
     0
   309
     9
     0
    15
     0
    57
    23
     8
     0
     7
     0
    34
    35
    34
    25
     0
     0
     0
     0
     0
     0
     0
     0
     0
   212
     8
     6
     8
     8
    98
     8
     0
     7
    17
     0
    47
     7
    16
    22
     0
     0
     0
     0
     0
     0
     0
     7
     0
   153
   119
     0
     0
    18
     0
     9
     0
    67
   107
     0
     0
     7
    37
    20
    19
     0
     0
     0
     0
     8
     0
     8
     0
   131
   117
     0
     8
     8
     0
     0
     0
    53
    50
     0
     8
     0
     7
     0
    29
     0
     0
     0
     0
     0
     0
     0
     0
   155
     0
    35
     8
     0
   160
     0
     0
     7
    14
     0
     0
    15
    21
    51
     0
     0
     0
     0
     0
     0
     0
     0
    10
   204
    17
    16
    17
     0
    45
     0
     9
     7
     0
     0
    38
    26
    28
    15
     0
     0
     0
     0
     0
     0
     0
     0
     0
   248
     0
     7
     0
    18
   106
     6
     7
     0
     8
     7
     0
     8
     9
     6
    19
     0
     0
    10
     8
     0
     0
     0
     0
   286
    15
     6
     0
     6
    49
    12
     7
     0
    19
     7
    26
     0
    52
    16
     7
     0
     0
     0
     0
     0
     0
     0
     0
   176
    12
    10
     8
    10
   100
    12
    25
    10
     0
     0
     0
    44
    58
    25
     0
    11
     9
     0
     6
     0
    14
     0
     0
   188
   187
     0
     0
     0
    41
     6
     0
    78
    47
     8
     0
    10
    22
    26
    20
     0
     0
     0
     0
     7
     0
     0
     0
   116
   159
    16
     0
     7
     0
    10
     8
    33
    77
     0
     0
     0
     0
    39
    21
     0
     0
     0
     0
     0
     0
     9
     0
   205
     9
     8
    11
     9
    89
     0
     0
     9
     0
    10
    28
    39
     8
    21
     6
     0
     0
     0
     0
     0
     0
     0
     0
   195
     0
     7
     0
     8
    48
     0
    10
     0
     0
     8
    33
    22
    15
    31
     0
     0
     0
     0
     0
     0
     0
     0
     0
   295
    26
     8
    10
     0
   132
     0
     0
    11
    33
     0
     9
    32
    14
    16
     0
     0
     0
     0
     0
     0
     0
     0
     0
   192
     9
    12
    24
     0
    94
     0
    19
     0
    18
     0
    20
    15
     0
    13
     0
     0
    11
     0
     0
     0
     0
     0
     0
   165
     0
    15
    18
    15
    80
     0
     0
     6
     0
     9
    18
    24
    45
    25
     6
     0
     0
     0
     7
     8
     0
     0
     0
   137
   145
    33
    14
     0
     9
     0
     0
    85
    85
     9
     0
    10
    28
    27
    55
    11
     0
     6
    11
     9
     0
     8
     0
   107
   171
     8
    25
     0
     6
    12
     6
    92
    39
     0
    14
     0
    16
    12
     8
     0
     9
     0
     0
     0
     6
     0
     0
   251
    16
     0
     0
     0
    86
     0
     0
     7
     9
     8
    30
    10
    23
    21
     0
     0
     0
     7
     0
     0
     0
     0
    10
   175
     0
     0
     9
     0
   109
     0
    18
     0
    21
     0
    25
    40
    22
    44
     0
     0
     0
     0
     0
     7
     0
     0
     0
   267
    20
     7
     0
    11
    94
     0
     8
    10
    16
     6
    23
    34
    26
     7
     0
     0
     0
     0
     0
     7
     0
     0
     0
   252
     0
    17
     0
     6
    46
     0
     0
     0
    13
    14
     0
    27
    16
    21
     0
     0
     0
     0
    19
     0
     0
     0
     0
   225
     0
     8
     9
    11
    74
    11
    11
    10
     6
     6
    52
    22
    25
    14
     0
     0
     0
     0
     0
     0
     0
     0
     0
   161
   109
     0
     0
     7
    10
    20
     9
    44
   117
    10
     0
     7
    20
     8
    25
     9
     0
     6
     0
     7
     0
     0
     0
   109
   121
     0
     6
     8
     0
     7
    10
    88
    70
     0
    10
     0
    14
    21
    19
     8
     0
     6
     0
     0
    14
     0
     0
   223
     0
    10
     9
     6
    85
     0
     0
    12
     9
     0
    22
     6
    28
    21
     0
     0
     0
     0
     0
     0
     0
    10
     0
   160
     0
     0
    38
     8
    89
    17
    10
    15
     0
     9
    53
    17
    31
    18
     0
     0
     0
     0
    10
     0
     0
     8
     0
   241
     0
     0
     0
    21
    74
     7
     0
     0
     8
     0
     9
    27
    36
     6
     0
     0
     0
     0
     0
     0
     0
     0
     0
   262
     8
     0
     8
     0
    89
    21
     0
     0
    20
     6
    19
    10
    26
    39
     0
     0
     8
     0
     0
     0
     0
     0
     0
   203
     9
     9
     8
    15
    96
     0
    18
     0
     0
     0
    10
    25
    21
    69
     0
     0
     0
     0
     0
    14
     0
    11
    13
   112
   132
    16
     0
     0
     9
     0
     7
    56
    81
     8
    24
     0
    49
    24
    30
     9
     9
     0
     0
     0
     0
     0
     0
   137
   116
     0
     0
    19
     0
     0
     0
    54
    34
     0
    11
     8
    67
    33
    24
     7
     0
     0
     0
     0
     0
     0
     0
   242
    20
     0
    25
    17
    60
     9
     0
     0
    19
     0
    20
    33
    19
    34
     0
     8
     0
     0
     0
     0
     0
     0
     0
   217
    17
    10
     0
     0
    48
     9
     0
     0
     8
     0
    30
     9
    52
     0
     0
     0
     0
     0
     0
     0
     6
     0
     0
   285
     0
    20
     9
    17
    85
     0
    22
     0
     7
     0
    37
    16
    18
     0
     0
     0
    17
     0
     8
     0
     0
     8
     0
   246
     7
     7
     6
     0
   117
     0
    28
     0
     0
     0
    44
    38
    24
    31
     7
     9
     0
     6
     0
     0
     0
     0
     0
   305
    21
     7
     0
     0
    74
     0
     9
     8
     0
     7
     0
    43
    34
    22
     0
     8
    17
     0
    10
     0
     9
     8
     0
   142
    81
     0
     0
     0
     0
    21
    10
    94
    89
     0
     0
     0
    29
    29
    36
     7
     0
     0
     0
     0
     0
    15
     0
   110
   106
    24
     8
     7
     6
     8
     0
    85
    67
     0
     0
     0
    45
    33
    19
     0
     0
     0
     0
     8
     0
     0
     0
   271
     0
     0
     8
     0
    68
     0
     0
     0
     0
     0
    28
    45
    67
    38
     0
     8
     0
     0
     0
     0
     0
     0
     0
   236
    21
     8
     0
     0
    39
     0
     0
     0
     7
    10
     0
    42
    17
    12
     0
     0
     0
     0
     7
     0
     0
     0
    12
   196
    10
    10
     8
     0
    61
     0
     0
     8
     0
     6
     0
    14
    36
    33
     0
     0
     0
     0
     0
     0
     0
     0
     0
   233
     0
     7
     6
     0
    40
     0
     8
     0
     0
     0
    16
     6
    25
    26
     0
     9
     0
     0
     0
     0
     0
     0
     0
   290
     0
     0
     0
     0
    88
     0
     8
    12
     8
     0
    40
    10
     0
     9
    11
     0
     0
     7
    10
     7
     0
     0
     0
   141
   119
     6
     9
     0
     0
     0
     8
    79
   110
     0
     0
    15
    24
    25
    46
     8
     0
     0
     6
     0
     0
     0
     0
   151
    83
    36
     0
     8
    25
     0
    18
    17
   104
     9
     0
     0
     7
    32
    23
     0
     0
     0
     0
     7
     0
     0
     0
   280
    27
     7
     0
     0
   103
     0
     0
     0
    10
     0
    57
    45
    17
    29
     0
     0
     0
     0
     0
     7
     0
     0
     0
   284
     0
    17
    13
     6
    69
    28
    15
     0
     0
    13
    18
     0
     6
    41
     0
     0
     0
     0
     0
     0
     0
     0
     0
   247
     0
     8
    29
     9
   132
     0
     6
     9
     7
     0
     0
    46
    10
    36
     8
     0
     0
     0
     0
     0
     0
     9
     0
   165
    16
     0
     0
     7
    46
     7
     7
     8
    10
    10
    25
     8
     6
    26
     0
     0
     0
     0
     0
     0
     0
     0
     0
   273
     6
     0
     0
    12
    98
     0
     0
     8
     8
     0
    58
    18
     8
    31
     0
    12
     8
     0
     0
     9
     0
     0
     0
    74
   161
     0
     0
     0
    10
    16
     8
    21
    72
     8
     0
    10
    23
    17
    28
     7
     0
     0
     0
     0
     9
     0
     9
   128
    93
     6
     0
    29
     0
    16
     0
   114
    42
     0
     0
     0
    18
    23
    76
     0
     0
     0
     0
     0
     0
     0
     0
   208
    23
     0
     0
     8
    69
     8
     7
     7
     0
     0
     8
    39
     7
    50
     0
     7
     0
     9
     0
     0
     0
     0
     0
   219
    10
     0
     0
     8
    85
    13
     0
    22
    10
     7
    20
     0
    32
    26
     0
     0
     7
     0
     0
     0
     0
     0
     0
   280
     0
     7
     0
     0
    99
     0
    18
    17
     0
     9
    24
    38
    15
    14
     0
     0
     0
     0
     0
     0
     0
     0
     0
   191
     0
    18
     8
     7
    70
     6
     0
     0
    27
     0
     0
     9
    11
    18
     0
     0
     0
     9
     0
     6
     0
     0
     0
   228
    18
     0
    19
     6
    63
     0
     9
     0
     6
    16
    51
     8
    23
    14
     0
     0
     0
     0
     0
     0
     8
     0
     0
   152
   130
    24
     0
     8
     0
    22
     7
    72
    75
    23
     0
     9
     8
    82
     6
     0
     0
     0
     0
     0
     0
    11
     0
    77
   144
     6
    20
     0
     0
     6
     6
    81
    18
     0
    10
    25
    34
    30
    32
     0
     0
    14
     0
     0
     0
     0
     0
   210
     8
     9
     0
     7
    88
     0
    20
     0
     6
     0
    18
    16
    22
    36
     0
     0
     0
     0
     0
     0
     0
     0
     0
   206
     0
     0
     9
    33
    57
    20
     0
     0
    28
    17
    27
    26
    21
    25
     0
     6
     0
     0
     0
     0
     0
     0
     0
   264
     7
     7
     0
    10
    88
     7
     0
    11
     0
     8
     8
    34
    35
    35
     0
     0
     0
     0
     7
     0
     0
     0
     0
   218
     0
     9
     0
     0
    38
    35
     8
     9
     8
     7
    17
    24
    16
    24
     7
     9
     9
     0
     0
     0
     0
     0
     0
   274
    12
     0
     0
    17
    59
    14
     0
     0
     0
    17
    17
    46
    23
     0
     0
     0
     6
     9
     0
     0
     0
     0
    10
   153
   153
     0
     0
     9
     0
     8
     0
    60
   101
    11
    11
     0
    31
     8
    14
     0
     0
     0
     0
     0
     8
     0
     0
    72
   184
    18
     0
     8
     0
    17
     0
    15
    45
     0
     0
     9
    32
    21
     8
     0
     0
     0
     0
     0
     0
     0
     0
   253
     8
     7
    21
    26
    54
    10
     6
    15
     0
    11
    37
    15
    23
    18
     0
     0
     6
     0
     0
     0
     0
     0
     0
   272
     7
     0
     0
    19
    72
     0
     0
     0
     0
     6
    25
    23
    40
    21
     0
     0
     0
     0
     0
     0
     0
     0
     0
   256
     0
     0
     0
     0
    74
    22
     6
     0
     9
    18
    41
    18
    27
    13
     0
     0
    14
     0
    15
     0
     7
     0
     0
   329
    17
    16
    10
     0
    76
     7
     0
     0
     0
     0
    29
    25
    27
    11
     0
     0
     0
     0
     0
     0
     0
    10
     0
   280
     7
     0
    12
    15
    71
    13
     8
     0
     0
    28
    17
     8
    21
     7
     0
     0
     0
     0
    11
     0
     0
     0
     9
   180
   161
    20
    12
    10
     0
     0
     9
    97
    42
     0
     0
     8
    24
     0
    26
     0
     0
    18
     0
     0
     0
     0
     0
   114
   140
     0
     7
     0
     0
     8
     6
    61
    73
    15
     6
     0
    25
    55
    16
     0
     0
     0
     0
     8
     0
     0
     8
   219
     0
     0
     7
     0
    91
     0
     0
     0
     9
    10
    24
    24
    32
    29
     0
     0
     0
     0
     7
     0
     0
     7
     0
   241
     0
     0
     0
     7
    48
     7
     0
     7
     0
     8
    24
     0
     9
    36
     0
     0
     0
     0
     9
     0
     0
     0
     0
   168
    16
     0
     0
     0
    63
     0
     0
     7
     6
     0
    15
    39
    26
    35
    10
     0
     0
    10
     0
     0
     0
     0
     0
   242
     9
    15
     7
    15
    55
    26
     9
     7
    18
    19
    17
    26
    19
    29
     0
     0
     0
     0
     0
     0
     0
     0
     0
   254
    19
     6
    22
    25
   106
     0
     9
     0
     0
     0
    24
    27
     7
    22
     0
     7
     0
     0
     0
     0
    19
     0
     0
   180
   135
     0
     0
    12
     0
    10
     0
    43
   104
    10
     8
     9
    30
    25
    38
     0
     0
     0
     9
     0
     0
     0
    12
   149
   176
     0
     6
     0
     0
     8
     0
    45
    74
     7
     0
     0
    33
    17
    63
     0
     0
    20
     0
     0
     0
     0
     0
   331
     7
     8
    14
     6
    97
    10
    17
     0
    10
    32
     0
    57
    22
    16
     0
     0
    10
     0
     0
     0
     7
     0
     9
   221
     0
    25
     0
    24
    75
     8
     0
     9
     0
     0
    11
    70
    19
    34
     0
     0
     0
     0
     0
     0
     0
     0
     0
   214
    10
    16
     8
     0
    44
     0
     9
     8
     0
     0
    14
    36
    17
    30
     0
     0
     0
     0
     0
     0
     0
     0
     7
   212
     8
    20
     6
     0
    65
     0
     0
     8
    10
     0
     9
    13
    42
     8
    16
    12
     0
     0
     0
     0
     0
     0
     0
   265
     0
     0
    15
     9
    41
    10
     8
     0
    11
     0
     7
    25
    42
    29
     6
     0
     0
     0
    19
     0
     0
     8
    31
   180
   180
     0
     8
    20
     8
     0
    10
    46
   118
     7
     7
     0
    44
    16
    65
     0
     0
     0
     0
     0
     0
     0
     0
   124
   104
     0
     0
     7
     0
    15
    10
    66
    79
     0
     0
     0
    27
    22
    56
     0
     0
     0
     0
     7
     0
     0
     0
   225
     6
    16
     0
     0
   113
    10
     0
    23
     0
     0
    23
    44
    29
    14
     0
     0
     0
     0
     0
     0
     0
     0
     0
   217
     0
     0
     6
     0
    78
     0
     6
     8
    16
     0
    49
    26
    24
    56
     0
     0
     0
     0
     0
     7
     0
     0
     0
   185
     9
    10
     0
     0
    72
     8
     0
     8
     0
     0
    40
    35
    31
    27
     0
     0
     0
     0
     0
     0
     0
     0
     0
   216
     0
     0
    19
     0
   108
    23
     0
     0
     0
    20
    25
    44
     9
    60
     0
     0
     0
     7
     0
     0
     7
     0
     0
   231
    15
    20
     0
    25
   102
     0
     0
     0
    16
     0
    26
    29
    23
    15
     0
     0
     9
     0
     0
     0
     0
     0
     0
   133
   177
     0
     6
     8
     0
    13
     8
    79
    84
     0
     0
     0
    25
    32
    27
     0
     0
     0
     0
     0
     0
     0
     0
   127
   124
     0
     0
     0
     0
     7
     7
    33
    74
     6
     6
    14
    30
    22
    21
     0
     0
     0
     0
     0
     0
     0
     0
   226
     0
    10
    16
     7
    73
     0
     0
    33
     9
     8
    11
    44
    16
    42
     0
     0
     0
     0
     7
     0
     0
     0
    10
   314
    13
    12
     0
    10
    41
    21
    10
     9
     0
     8
     9
    28
    16
    17
     0
     0
     0
     9
     0
     0
     0
     0
     0
   267
     7
     0
     8
     0
    46
     0
    10
     0
    23
     0
    23
     8
    29
     6
     8
     0
     0
     0
     0
     0
     0
     0
     0
   243
     0
     8
     9
     7
    86
     0
     0
     0
     0
     0
    30
    60
    33
    53
     0
     0
     0
     0
     0
     0
     0
     0
     7
   312
    25
     9
     0
     6
   119
     0
     0
     6
     9
     0
    29
    28
     8
    33
     0
     0
     7
     0
     0
     0
     0
     9
     0
   121
   187
     7
     0
     8
     7
     0
     8
    90
   128
    14
     6
     0
    45
    31
     0
     0
     0
     0
     0
    10
     0
     0
     0
   181
   138
     0
    12
     9
     6
    25
     0
    45
    50
     8
    17
     0
    25
    33
    70
     0
     0
     0
     0
     0
     0
     0
     0
   315
     9
     0
     0
     9
    79
     6
     0
     7
     0
     0
    43
    81
    13
    50
     0
     0
     7
     0
     0
     0
     0
     6
     0
   194
    10
     0
     7
     0
    58
    11
     0
     0
     0
    17
    19
    33
    31
    26
     0
     0
     0
     0
     0
     0
     0
     0
     0
   242
     0
     6
    10
    10
   107
    21
    16
     6
     7
    11
    41
    17
    21
    67
     0
     0
     8
     0
     0
     0
     0
     9
     9
   321
     0
    33
     0
     0
    74
    26
     8
     0
     0
     0
    15
     9
    13
    58
     0
     0
     0
     0
     6
     0
     0
     0
     0
   166
     0
     7
     7
    10
    80
     0
     0
     0
     7
    11
    10
    19
    28
     0
    18
     0
    14
     0
     0
    10
     0
     0
     9
   126
   152
    54
     0
    10
     0
    29
     0
    68
    48
    11
     6
    17
    27
    27
    19
     0
     0
     0
     0
     0
     0
     0
     0
    85
   168
     9
     0
    10
     6
     0
     9
    53
    64
     8
     0
     0
    39
    42
    26
     0
     0
     0
     0
     0
     0
     0
     0
   295
     9
     7
    11
     8
    72
    14
    18
    17
     0
     7
    25
    33
     0
    64
     0
     0
    10
     0
     9
     0
     0
    10
     0
   223
    18
     8
    17
     0
    96
     7
     0
     0
     9
     0
    47
    30
    26
    28
     0
     0
     0
     0
     6
     0
     0
     0
     6
   222
     0
    14
     0
    20
    98
    17
     0
     0
     0
     0
    70
    25
    10
    17
    16
     0
     0
     0
     7
     0
     0
     0
     0
   259
     0
     0
     8
    20
    57
     0
     0
     0
     0
     0
    15
    24
     7
    46
     0
     0
     0
     7
     0
     0
     9
     0
     0
   233
    15
     6
     7
     0
   131
    15
     6
     8
     0
     0
    25
    16
    15
    37
     0
     8
     0
    16
     0
     0
     6
     0
     6
   157
   117
     0
     0
     0
     0
    16
     0
    53
    33
     0
     0
     8
    20
    29
    27
     0
     0
     0
     0
     0
    17
     0
     9
   167
   140
     0
     9
    16
     0
     8
     0
    71
    59
     8
     0
     0
    33
    18
    23
     6
     0
     0
     0
     0
     0
     6
     0
   275
    20
     0
    16
     9
   183
     0
     0
    27
     0
     9
     7
    14
    25
    44
     0
     0
     0
     0
     0
     0
     0
     0
     0
   214
    25
    19
    10
    17
    44
     9
     0
     0
     0
     6
    30
    13
    22
    23
     0
     0
     0
     8
     0
     0
     0
     0
     0
   213
    17
    13
     0
     7
    70
     0
     7
    10
     0
     0
     6
    46
    15
    19
     0
     0
     0
     8
    17
     0
     0
     0
     7
   226
     0
    21
     0
    12
    54
    14
     0
     0
    14
     0
    16
    26
    39
    20
     0
     0
     0
     0
     0
     0
     0
     0
     0
   211
     0
     0
     0
     7
   117
    14
    10
     0
     0
    10
    31
    36
     7
    28
     0
     0
     0
     9
    13
     0
     0
     0
     0
   186
   129
     8
     0
     9
    10
    14
     0
    68
    82
     9
    37
     8
    52
    26
    48
     0
     6
     0
     0
     0
     0
     0
     0
   168
   142
    22
     0
     8
     8
     0
    19
    67
    80
     0
     0
    10
    23
    26
    35
     9
     0
     0
     7
     0
     0
     0
     0
   285
     0
     0
    17
    22
    34
     6
     9
     0
     0
    19
    17
    33
    27
    26
     8
     0
     0
    11
     0
     7
     0
     0
     0
   207
    11
     0
     7
     8
    53
    38
     0
     0
     0
    24
    28
    30
    52
    22
     8
     0
     0
     0
     8
     0
     0
     9
     0
   254
     0
    11
    16
     0
    82
    18
     0
     0
    15
     0
    17
    24
    14
     9
     0
     0
     0
     9
     0
     0
     9
     0
    10
   235
    21
    15
    32
     8
    59
     6
    12
     0
     6
     0
    21
    38
    30
    22
     0
     0
     8
     0
     0
     0
     0
     0
     0
   220
    12
    10
     0
    19
    58
     8
     6
     0
    16
    32
     0
    34
     0
    36
     0
     0
     0
     0
     0
     0
     0
    16
     0
   190
   125
     0
     0
     9
    11
     7
    14
    41
    54
    16
    11
     0
    46
    27
    40
     0
     0
     0
     0
     0
    11
     9
     0
   165
   176
    19
     7
    24
    19
     7
    29
    71
    93
     0
     0
    14
    74
    17
    44
     0
     0
     0
     0
    10
     0
     0
     0
   221
     0
     0
    15
     0
    90
     0
     0
     0
     0
     0
    22
    34
    47
    58
     0
     0
     0
     7
     0
     0
     0
    10
     0
   228
     0
     0
     8
     7
    76
     0
     0
    13
    18
     0
    44
    16
    36
     9
     8
     0
    12
     0
     0
     0
     8
     0
     0
   280
    12
     0
     0
     0
    91
     0
    30
     9
     0
     0
    36
    17
    23
     7
     0
     0
     0
     0
     8
     0
     0
     0
     0
   243
     0
    27
    15
     0
   116
    11
    15
     0
     0
    17
    16
    24
    17
     7
     0
     0
    10
     0
     0
     0
     0
     0
     6
   181
     0
     9
     6
     0
    43
     0
    17
     8
     0
     0
    47
    35
    19
     6
     0
     0
     0
     0
     0
     0
     7
     9
     0
   157
   131
     7
    18
     0
     0
    17
    18
   105
    66
     9
    24
     0
    45
    44
    33
     7
     0
     0
     7
     0
     0
     0
     6
    89
   200
    14
    14
     0
     0
     8
    17
    94
    79
     0
    27
     0
    65
    16
    43
     0
     0
     0
     0
    10
     0
     0
     0
   352
     8
     0
     0
     0
    78
     7
     0
    10
     7
    12
     7
    32
    31
    27
     0
     0
    15
     0
     0
     0
     7
     0
     0
   290
     0
     0
     7
    24
   139
     0
     0
     7
    10
     7
    49
    34
    55
    18
     0
     0
     0
     0
     0
     0
     0
     0
     0
   317
     6
     6
     0
     0
    85
     0
     9
     0
     0
     0
    43
     6
     7
    16
     0
     0
    10
     0
     0
     0
     0
     0
     0
   256
     0
     7
     0
     0
    61
     0
     0
     8
     8
     7
    35
     6
    53
    19
     7
     0
     0
     0
     0
     8
    10
     0
     0
   387
     0
     0
    12
     0
    95
     6
     0
     0
     8
     0
    30
    22
    64
    53
     0
     0
     0
    21
     7
     0
     0
    15
     0
   143
   197
     0
    11
    13
     0
     0
     0
    39
    62
     0
     9
    10
    49
    12
    45
     0
     0
     0
     6
     0
     0
    10
     0
   147
   152
    19
    16
    25
     0
     9
     0
    72
    94
    18
     9
    10
    21
    45
    20
     0
     0
     0
     0
     0
     0
     0
     0
   202
    15
     0
     9
     9
   114
     0
     6
     0
     0
     0
    36
    21
     0
    32
     0
    11
     0
     0
     0
     0
     0
     0
     0
   294
     0
     0
     0
     9
    48
     0
    26
    17
    26
     0
    22
    32
    22
    26
     0
     7
     0
     0
     0
     0
     0
     0
     0
   316
     6
     8
     7
     0
    50
     7
     7
     0
     0
     6
    35
    46
    23
    59
     0
     0
     0
     0
     0
     0
     0
     0
     0
   252
     9
     8
     0
     0
   104
     0
     0
     0
     0
     8
    71
    14
    13
    30
     0
     0
     0
     0
     0
     0
     0
     0
    10
   300
     0
     7
     0
     8
   119
     0
    20
     6
    20
     7
    52
    17
    32
    37
     0
    10
     0
     0
     0
     0
     0
     0
     0
   158
    90
     0
    17
     0
     0
     8
     6
    61
    66
    10
     6
     0
    49
    30
     0
     0
     7
     6
     0
    15
     6
     0
     8
   145
   104
     7
     9
     0
     9
    34
     0
    39
    27
     0
     9
     8
    50
    30
    22
     0
     0
     0
     0
     0
     8
     0
     0
   292
     0
    18
     6
     0
   126
     0
     0
     0
     0
     0
     7
    39
     0
     9
     0
     0
     0
    10
     0
     0
     0
    11
     0
   331
    10
     0
     0
     8
    82
     8
     9
    10
     6
     0
    40
    48
    26
    36
     0
     0
     0
     0
     0
     0
     0
     0
     0
   279
     0
     6
     0
    25
    96
    16
    11
    18
    14
     0
    39
    26
    20
    20
     6
     0
     0
     0
     0
     0
     0
     0
     0
   312
     0
     0
     9
     0
   149
     0
     9
     0
     9
    10
     8
    32
     9
    20
     0
     0
     0
    10
     8
     0
     9
     0
     0
   239
    10
     0
     7
    18
   109
     0
    22
     0
     0
     0
    52
    14
    16
    32
     0
     9
     0
     0
     0
     0
     9
     0
     0
   151
   111
     0
     6
     7
     8
    10
    20
    83
    81
    18
    15
     0
    29
    44
    34
     0
     8
     9
    10
     0
     6
     0
     0
   214
   134
     8
     0
     0
    12
    24
     8
    62
    61
     9
    13
    17
     0
    15
    41
     0
     0
    11
    16
     9
     0
     0
    10
   276
     0
    17
     6
     0
    88
     0
     9
     0
    16
    20
    24
     0
    17
    43
     0
     6
     0
     0
     0
     7
     0
     0
    17
   277
    14
     7
     0
     9
   100
     9
     0
    18
     0
     0
    11
    66
    11
     8
     0
     0
    10
     0
     0
     0
     8
     0
     9
   240
    18
    15
     0
     7
   120
     8
     0
     0
    10
     0
    15
    53
    17
    24
     0
     0
     0
     0
     0
     0
     0
     0
     9
   327
     7
     0
    27
     8
   113
    10
     0
     0
     0
     0
    48
    30
    22
     9
     0
     0
     0
     0
     9
     0
     0
     0
     0
   268
     6
    11
     8
    17
    85
     0
     0
    16
    17
     0
     8
    25
    14
    68
     0
     0
     0
     0
     0
     0
    15
     0
     8
   188
   177
    12
    10
    26
    13
    18
     8
    37
    86
     7
     6
     6
    43
    39
    33
    10
    10
     0
     8
     0
     0
     0
     8
   199
   110
     0
     0
     8
     9
    18
     7
    72
    74
     8
     0
     7
    14
    26
    18
    12
     0
     0
     0
     0
     0
     9
     0
   318
    15
     0
    28
     9
    81
    10
     0
     0
     0
     0
    41
     0
    24
    46
     0
     9
     0
     0
     9
     0
     0
     0
     7
   255
     0
     6
     0
     7
   119
     0
     9
    27
     8
     8
    41
     0
    16
    55
     0
     6
     0
     0
     0
     0
     0
     8
     0
   346
    16
     0
     7
    10
    58
     0
     8
    21
     0
    18
    40
    37
    30
    14
     0
     0
     0
     0
    11
     0
    11
     0
     7
   396
    19
    23
    10
     0
    60
     7
     0
    11
     0
     0
    32
     9
    16
    63
     0
     0
     0
     0
     0
     0
     0
     0
     0
   275
     8
     0
     9
     0
    84
    16
     9
     0
     0
    10
    20
    62
    14
     7
     7
     0
     0
     0
     7
     0
     0
     0
     0
   118
   159
     6
     0
     0
     0
     0
     9
   128
   104
     8
    10
     7
    16
    29
    64
     0
     0
     0
     0
     7
    17
     0
     0
   190
   194
     8
    22
    10
     0
    18
     7
    72
    79
    15
     7
    10
    40
    51
    75
     0
     0
     0
     0
     8
     0
     0
     0
   212
     0
     9
     9
    11
    82
    10
     8
    17
     8
     0
    51
    30
    34
    31
     0
     0
