     0
     0
     6
     0
     0
     0
     0
   217
     8
     0
     7
     7
    69
     8
    17
     9
     0
     7
    32
    33
    17
    37
     0
     0
     0
     8
     0
     9
     0
     0
     0
   296
     7
    24
     0
    19
    79
     6
     0
     6
    26
     0
    18
     8
    64
    19
     0
     0
     6
    11
     8
     0
     0
     0
     6
   258
    10
     0
    15
    11
    79
     0
    20
     0
    10
     0
    29
    32
    15
    34
     0
     0
     0
     0
     0
     0
     0
     6
     0
   221
     8
     0
    25
     0
   107
    11
     7
     0
     7
    13
    23
    26
    14
    23
     0
     0
     0
    18
     0
     0
     0
     0
     0
   248
     0
    16
     6
     6
    85
     7
     0
     7
     6
     0
    37
    25
    35
    23
     0
     0
     0
    12
     0
     9
     0
    10
     0
   133
   128
    29
    19
    14
     8
     7
     0
    83
    57
     0
     9
     0
     0
    26
    32
     0
     0
     0
     0
     8
     7
     0
     0
   113
   138
     0
     6
    32
     7
    36
     0
    90
    28
    13
     0
     0
    38
    28
    39
     0
     0
     0
     0
     0
     0
     6
     0
   211
     0
     9
     0
    10
    89
     0
     0
     7
     7
     0
     0
    23
    17
     9
     0
     0
     0
     0
     7
     0
    10
     0
     0
   240
    10
     7
     8
    16
   104
     0
     6
    13
    17
    17
     9
     0
    41
    62
     0
     0
     0
     0
     7
     0
     6
     0
     0
   196
     0
     0
     8
     9
   138
     7
     0
     0
     0
     0
     8
    19
    45
    22
     0
     0
     8
     0
     0
     0
     0
     0
     0
   294
     7
    15
     0
     6
    56
    19
     9
     8
     9
     0
    22
    18
    22
    23
     0
     0
     0
     0
     0
     0
     0
     0
     0
   211
     0
     0
     0
     7
    59
    33
     7
     0
     0
     0
    16
    31
    21
    12
     0
     7
     6
     0
     0
     0
     0
     0
    15
   161
   118
     7
     8
     0
    10
    24
     9
    62
    54
     7
     0
    18
     0
    28
    19
    12
    14
    11
    20
     8
     0
     0
    10
   169
   152
    14
     9
     7
    18
     0
    23
    86
    53
    21
    16
     9
    17
    25
     9
     0
     0
     0
     0
     0
     0
     0
     0
   209
    17
    15
     8
     0
    49
     0
     0
     0
    29
     7
    23
    16
    26
    14
     0
     0
    11
     6
     0
     0
    12
     0
     0
   293
    10
     0
     9
     0
    37
     0
     8
    29
    11
     9
     0
    34
     7
    43
     0
     9
     0
     0
    11
     0
     0
     0
     6
   225
     0
     7
    18
     9
    31
     7
     0
    17
     9
     0
     8
     8
     7
    28
     0
     0
     0
     0
     0
     0
     0
     0
    11
   266
     0
     0
    14
     7
    71
     0
     0
    10
     0
    10
     7
    68
    11
    33
     0
     0
     0
     6
     0
     0
     6
     0
     0
   262
     0
    15
     0
    10
    58
     0
     0
     9
     7
    20
    29
    37
    25
    32
     0
     0
     0
     0
    13
     0
     0
     0
     0
   169
   129
    11
     0
     0
     6
    26
     8
    70
    75
     0
     7
     0
    26
    38
    16
     7
     9
     9
     8
     0
     0
     6
     7
   173
    95
    10
     7
    14
    12
     9
    26
    45
   102
     0
     8
    12
    44
    28
    21
     0
     0
     0
     0
     0
     0
     0
     0
   273
     0
     0
     9
     0
    60
     7
     0
    19
     0
    10
    24
    35
    16
    46
     0
     0
     0
     0
     6
     0
     0
     0
     0
   277
     8
     0
    17
     6
   108
     0
     6
    16
     7
     0
     0
    29
    32
    23
     0
    10
     0
     0
     0
     0
     0
     0
     0
   244
    18
     0
     0
     9
   130
     9
     8
    17
     6
     0
    25
    25
    22
     7
     0
     0
     0
     0
     0
     0
     7
     0
     0
   234
     0
     0
     7
    10
    46
    25
    28
    10
     8
     8
     9
     0
    48
    33
     0
     0
     0
     0
     0
     0
     0
     0
     0
   298
     0
     0
    17
    35
   103
     0
    31
     0
     0
     8
     0
    12
    45
    27
     0
     0
     8
     0
     0
     9
    30
     0
     0
   127
   207
     6
    11
     6
     0
     0
     0
   103
    62
    14
    12
     0
    13
    81
     6
     0
     0
     7
     8
     9
     0
     0
     0
    77
   136
     8
     0
     0
    10
     8
     0
    86
    55
     9
     9
     0
    41
    10
    30
     0
     0
     0
     0
     0
     0
     0
     0
   259
    16
     7
     6
     8
   114
     0
     0
     0
     6
     7
     7
    28
    39
    39
     0
     0
     0
     0
     0
     6
     0
     0
     9
   250
    14
     6
    16
     7
    61
     7
    18
     7
     8
     0
     7
    16
    36
     7
     0
     0
     8
     0
     0
     0
     0
     8
    10
   234
     0
     0
    10
     0
    79
     0
    10
     0
     0
     7
    26
    26
     0
    18
     0
     0
     0
     0
     0
     0
     0
     0
     0
   277
     0
     8
     0
    18
    79
     0
     0
    16
     0
     6
    10
    28
    24
    42
     0
     0
     0
     0
    10
     0
     0
     0
     0
   389
     0
     0
     0
    11
    37
     0
     6
     0
     0
     0
    27
    57
    38
    27
     0
     0
     0
    13
     0
     6
     0
     0
     0
   195
   167
    10
     0
     9
     0
     0
     0
    98
    88
     8
     0
     0
    56
    17
    48
     0
     9
     9
     0
     0
     0
     0
     0
   155
   133
    15
     0
     0
     8
     6
     9
    57
    92
    18
     0
    10
    10
     8
    42
     0
    11
     0
     9
     7
     0
     0
     0
   322
     0
     0
    27
     0
    78
    30
     0
     7
     0
     0
     6
     7
    34
    39
     7
     0
     0
     0
    11
     0
     0
     0
     0
   175
     0
    10
    18
     0
    74
    14
     0
    15
     7
     0
    21
    16
    25
    43
     0
     0
     8
     0
     0
     0
     0
     0
     0
   197
    10
     0
     0
     8
    62
    13
     8
     0
     8
     0
    15
    27
     7
    31
     0
     8
     0
     0
    10
     0
     0
     0
     0
   255
     6
     0
     7
     8
    94
     9
     0
     9
    11
     6
     0
    33
    33
    23
    11
     0
     0
     6
     0
     0
     0
     0
     0
   277
    28
     0
     8
     7
    47
     0
     0
     0
     0
    18
    18
    14
    43
    29
     0
     0
     0
     0
     0
     0
     9
     0
    10
   115
   132
     9
     9
     0
     9
    10
     0
    84
    39
    16
     9
    18
    34
     0
    51
     8
     0
     6
     0
    10
     0
     0
     0
   122
   146
     0
    28
     9
    16
     9
     0
    60
    36
     0
     6
    20
    23
    44
    19
     0
     0
     0
     0
     0
     0
     0
     0
   297
     0
     7
     0
     0
    46
    16
     0
    10
     0
     8
    16
    13
     8
     9
     0
     0
     0
     0
     0
     0
     0
     0
     0
   220
     0
     0
     0
    26
   105
     9
     0
     0
     0
     0
    25
    34
    42
    51
     0
     0
     0
     8
     0
    10
     0
     0
     0
   229
    18
     0
     0
     0
    85
     6
     0
     0
     0
     0
    20
     0
     8
     8
     0
     0
     0
     0
    10
     8
     0
     0
     0
   201
     0
    17
    15
     0
    45
     6
     0
    16
     0
     0
    24
    32
    36
    17
     0
     0
     0
     0
     0
     0
     0
     0
     0
   255
    10
    25
     0
     0
   107
    16
     0
    24
     0
    13
    26
    25
    64
     8
     0
     0
    11
     0
     6
     0
     0
     0
     0
   114
   135
     6
     0
    17
     7
     8
     0
    88
    93
     7
     8
    12
    17
    20
    11
     0
    10
     0
     0
    18
     0
     0
     7
   186
   173
    26
     0
     0
     8
     8
     0
    83
    99
    19
     0
    21
    49
    27
     0
     0
     9
     0
     0
     0
     0
     0
     0
   206
     9
     9
     6
     0
    98
     0
     0
     7
    19
     0
    11
    16
    25
    10
     0
     0
     0
     0
     0
     8
     0
     0
     0
   258
    16
     0
    15
     0
    78
     0
     0
     0
    13
     8
    24
    31
    28
    17
     0
     0
     0
     0
     0
     0
     0
     0
     0
   273
     7
    16
     0
    16
   109
    10
    10
     7
    23
     9
     8
    25
    25
    34
     8
     0
     0
     0
     0
    10
    12
     0
     0
   292
    30
     0
    14
    16
    34
     7
    17
     7
    16
    18
    32
    14
    55
    35
     0
     9
     0
     8
     0
     0
     0
     0
     0
   268
    10
     0
    18
     0
    61
    16
    14
     8
     0
     0
    29
    31
    38
    28
     0
     0
    10
     9
     0
     0
     0
     8
    11
   169
   193
     0
     0
     0
     0
     6
     8
    77
    70
     0
    19
    15
     8
    28
    32
     0
     8
     0
     0
     0
     0
     0
     0
   173
   124
     0
     7
    18
    15
     0
     7
    80
    62
     6
    24
    17
    31
    13
    20
     0
     0
    10
     0
     8
     0
     0
     0
   339
     0
     0
    16
     9
   109
     9
     0
     0
    10
    17
     9
    17
    37
    34
     8
     0
     0
     0
    10
     0
     0
     0
     7
   203
     0
     0
     0
    27
    74
     0
    21
     6
     0
     0
     0
    24
    26
    38
     0
     7
     0
     8
     0
     0
     0
     8
     0
   189
     0
     0
     6
    11
    76
     0
     0
    17
     0
     8
     6
    38
    30
    23
     0
     0
    11
     0
     0
     0
     0
     0
     0
   267
     0
     7
     0
     0
    80
     0
     0
     0
     0
     0
    41
     0
    29
    27
     0
     0
     0
     0
     0
     0
     0
     0
     0
   191
     0
     8
     7
     8
   111
     0
    15
    18
    16
    12
    20
    10
     8
     7
     0
     0
     0
     0
     0
     8
     0
     0
     8
   139
   119
     0
     8
     0
     9
     0
    10
   155
    52
     6
    10
     0
    17
    42
    33
     0
     0
     0
     0
     8
     0
    12
    10
   155
   122
     0
     0
    21
    14
     6
     0
    72
    92
     6
    16
     0
    26
    19
     6
     0
     0
     0
     6
     0
     0
     0
     0
   188
     7
     9
     0
    26
    92
     0
    10
     0
     0
     6
    32
    18
    12
    18
     0
    10
     7
     0
     0
     0
     0
     0
     0
   337
     0
     0
     7
     9
    72
     0
    19
     0
     0
    18
    10
    12
    18
    15
     0
     0
     0
     0
     0
     0
     0
     0
     0
   318
    10
     8
    14
     0
    95
     8
     0
     8
    16
     9
    39
    20
    27
    19
     0
     0
     0
    22
     0
     0
     0
     0
     0
   225
     7
     8
     8
    10
    83
     0
     0
    10
     0
    17
    19
     8
    15
     7
     0
     0
     0
     0
     0
     0
     0
     0
     0
   281
    17
     0
     0
     7
    63
    14
     0
     0
     0
     0
    47
    12
    23
    63
     0
     0
     9
     0
     7
     9
     8
     0
     0
   121
    81
     0
     0
    16
    26
     0
     0
    67
    36
     0
     0
    12
    23
    39
    60
     0
     0
     0
     0
    11
     6
     7
     0
   130
   136
     0
    22
    26
     0
     0
     0
    47
    53
     0
     0
    31
    24
    24
     0
     0
     0
     0
     0
     9
     0
     0
     0
   222
    13
     0
    11
     0
    99
     0
     0
     0
     0
     8
     9
    29
    30
    22
     0
     0
     0
     0
     0
     0
     0
     9
     0
   230
    18
     0
     0
     0
   107
     0
     7
     8
     0
     6
    25
     8
    36
     9
     0
     0
     0
     0
     0
     0
     0
     0
     8
   260
     7
     0
     8
     8
    68
     9
     9
     9
    10
     0
    33
    53
    33
     7
     0
     0
     0
     0
     0
     0
     7
     0
     0
   296
     0
    21
     7
     0
    76
     0
     0
     9
     9
     0
    20
    20
    25
    19
     0
     0
     0
     0
     0
     0
     0
     0
     0
   201
     9
     0
     0
    26
    71
     0
    16
    26
     0
     0
    40
    36
    26
    34
     0
     0
     0
     0
     0
     0
     0
     0
    21
   124
   145
     7
    16
     0
     0
     0
    16
    89
    69
    40
     7
     0
    54
    19
    25
     0
     0
     0
     0
     0
     0
     6
     0
   178
    88
     0
     7
     0
     6
     9
     6
    65
    53
    13
     7
     0
    29
    21
    46
     8
     0
     7
     0
     0
     8
     0
     0
   272
    22
     0
     0
    16
    35
     6
     0
    14
     0
     0
    31
    47
    20
    49
     8
     9
     0
     0
     0
     0
     0
     0
     0
   229
     9
    15
     9
     0
   116
     9
     0
    11
     0
    10
    15
    18
    54
    20
     0
     0
     0
     0
     0
     0
     0
     0
     0
   255
    10
     0
     8
     7
    44
     0
     8
     0
     0
     0
     0
     9
    11
    42
     0
     0
     6
     0
     0
     0
     0
     0
     0
   238
     6
     0
    10
     9
    84
     7
    14
    13
     8
     7
    29
    21
    10
    54
     0
     0
     0
     0
     0
     0
     0
     0
     0
   178
     0
    25
     0
     0
    94
     7
     0
     7
    16
     0
    14
    34
    23
     7
     0
     7
     0
     0
     0
     0
     7
     0
     0
   126
   213
     0
    11
     7
     0
     0
    19
    58
    85
     9
     0
    36
    20
    22
    37
     8
     0
     0
     0
     8
     0
     0
     0
   105
   161
    19
    14
     0
     7
     0
     0
    65
    61
    10
     9
    14
    62
     8
     9
     9
     0
     0
     0
     0
     0
     9
     0
   141
     7
    27
    13
    18
   102
     0
     0
    19
     9
     8
    21
    15
    15
    10
     0
    15
     7
     0
     0
     0
     0
     0
     0
   290
     0
     0
     0
     0
    57
     0
    10
     0
    18
     0
     0
    27
    16
    24
     0
     0
     8
     6
     0
     0
     0
     0
     0
   156
     0
     9
     8
     0
    75
     0
     9
     0
     0
     0
    14
    32
    13
    11
     0
     0
     0
     0
     0
     0
     9
     0
     0
   312
     6
    17
     0
     9
   104
     9
     8
    15
     7
     6
     9
     0
    34
    13
     0
     0
     0
     0
     0
     0
     0
     0
     0
   264
     0
     8
     0
    10
    46
     9
     0
     0
    10
     8
    18
     0
    47
    15
     0
    13
     0
     7
     0
     0
     6
     0
     0
   150
   208
    46
     0
     0
     9
     8
     0
    63
    52
    50
     0
    15
    17
    38
    37
     0
     0
     8
    21
     0
     0
     0
     0
   187
   106
     0
    10
     0
     0
    23
     8
    87
    57
     6
     0
     0
    16
    31
    30
     0
     0
    10
     7
     0
     6
     9
     0
   241
     8
    14
     0
     0
    94
     6
     0
    17
     0
     0
    22
    17
     9
    19
     0
     0
     0
     0
     0
     0
     0
     6
     0
   204
     0
     0
     7
     8
   112
     0
     0
    20
     0
    19
    36
    57
    22
    36
     0
     0
     0
     0
     0
     0
     0
     0
     0
   312
     0
     7
     8
     0
    59
    14
     0
     9
     0
     7
    14
    38
    20
    23
     0
     0
     0
     0
     0
     0
     9
     0
     0
   189
     0
    10
    16
     0
    32
     8
     0
    21
     8
    14
    39
     0
    21
    34
     0
     0
     0
     0
     0
     0
     0
     0
     7
   266
     0
     0
    27
     0
    66
     0
     9
     0
    10
     0
    26
    54
    37
    33
     0
     0
     0
     0
     0
     0
     9
     0
     0
   124
   103
     0
     0
     8
     8
     0
    10
   135
    92
    15
     9
     6
    41
     0
    33
     0
     0
     9
     0
    10
     0
     0
     0
   158
   146
     0
     7
     0
     0
    14
     9
    38
    43
    30
     0
    10
    23
    17
    26
     0
     0
     0
     0
     0
     0
     0
     0
   250
     7
     0
     0
     7
    48
    10
     0
     0
     9
     0
    33
    32
    42
    25
     0
     0
     0
     0
     0
     0
     0
     0
     0
   207
    11
     6
    60
     0
    66
     0
     0
     0
     6
    11
    17
    25
    18
    56
     8
     0
     0
     0
     7
     0
     6
     0
     0
   182
     0
     0
     0
     0
    64
     0
     0
     0
     9
    15
    42
    53
    65
    28
     0
     0
     0
     0
     7
     0
     0
     0
     0
   285
     0
    16
     0
    38
    76
    11
     0
     0
    12
    15
    27
    40
    35
    21
     0
     0
    10
     0
     0
     0
     0
     0
     0
   225
     0
     0
    11
     0
    57
    22
    21
     7
     0
     0
     7
     9
    30
    34
     0
     0
     0
     0
     9
     7
     0
     0
    16
   156
   166
     8
     0
     0
     0
     8
     0
    63
    94
     0
    13
    18
     7
    28
    35
     0
     0
     0
     0
     0
     0
     0
     6
   113
   184
     0
     0
    16
     0
     0
    10
    85
    75
     9
    20
     8
    17
    36
    20
     0
     0
     6
     0
     0
     0
     0
     0
   260
     0
     9
     0
     0
    43
    17
     0
     0
    19
     9
    48
    21
     8
    49
     0
     0
     0
     0
     0
     0
     0
     0
     0
   184
    23
    22
     0
     0
    73
     0
     0
     9
     0
     0
    15
    34
    17
    10
     0
     0
     0
     0
     0
     0
     0
     0
     0
   200
     9
    17
     0
     8
   116
     0
     7
     0
     0
     0
    26
    29
    18
    26
     0
     0
     0
     0
     0
     0
     8
     0
     0
   194
     7
     0
    10
    10
   110
     0
     9
     9
    26
    26
    24
    10
    27
    36
     0
     0
     0
     0
     0
     0
     0
     0
     0
   239
     9
    17
     0
     0
    88
     0
     8
     7
     0
     0
    30
    30
    10
    51
     0
     0
     9
     0
     0
     0
     0
     0
     0
   115
   115
     0
     0
     0
     0
     8
     0
    96
    60
    10
     0
    27
    21
    35
    47
    11
     0
    10
     0
     8
     0
     0
     0
   119
   123
     7
    26
     0
     0
     7
     9
    77
    66
     0
     7
     0
    34
    38
    34
     0
     0
     0
     0
    11
     0
     0
     0
   176
     0
    15
    10
    12
    51
    11
     6
     0
     6
     7
     7
    38
    49
    54
    10
     0
    16
     0
     0
     0
     0
     0
     0
   245
    18
     0
     6
     0
    45
     0
    16
     0
    20
     0
     8
    16
     9
     7
     0
     9
     0
     0
     0
     0
     0
     0
     0
   280
     0
    12
     0
    17
    90
    10
     8
    10
     7
     6
    26
    41
    22
    27
     0
     0
     8
     0
     0
     9
     0
     0
     0
   270
     7
     0
     7
     6
    59
    14
     9
     7
     8
     8
     0
    15
    14
    11
     0
     0
     0
     0
     0
     0
     0
     0
     0
   299
     0
    12
     0
     0
    71
     0
     8
     9
     0
     0
     8
    36
    39
    20
     0
     8
     0
    10
     0
    10
     0
    17
     0
   162
    90
     7
    10
     0
    17
    21
    18
    76
    53
    16
     6
    20
    34
    56
    26
     0
     0
     7
     0
     0
     0
     0
     6
   161
   166
     0
     0
     9
     0
     6
     6
    39
    54
     0
    10
     0
    46
    31
    38
     0
     0
     0
     0
     0
     0
     0
     0
   167
     0
    15
     0
     0
    26
     8
     0
     0
     0
    15
    43
    10
    27
    24
     0
     0
     0
     0
     0
     0
     0
     0
     0
   196
     7
     0
     0
     9
    61
     0
    12
    10
     0
     7
    27
    42
    11
    29
     0
     0
     0
     0
     0
     0
     6
     0
     0
   148
     0
     0
     0
     7
    54
     0
     0
     0
     0
     0
     7
     0
    34
    29
     0
    15
     0
     0
     0
     0
     7
     0
     0
   242
     9
     0
     0
    26
    95
     0
     0
    23
     7
     0
    23
    37
    24
    27
     0
     0
     0
     8
     0
     0
     8
     0
     0
   189
     7
     0
     8
    10
   116
     6
     0
    16
    17
     8
    25
    14
    26
     6
     0
     0
     0
     0
     0
     8
     8
     0
     6
   182
    96
     0
     0
    14
     0
     0
     8
    79
    61
     6
    18
     0
     8
     6
    19
    10
     0
     0
     0
     0
     0
     9
     0
    96
   115
     8
    19
    17
    19
     7
     0
    48
   118
     0
     0
     0
     0
    35
    52
     0
     0
     0
     0
     6
     0
     0
     0
   192
    17
     7
     0
    26
    51
     8
     0
    11
     0
     0
    23
    23
    27
    30
     0
     0
     0
     0
     0
     0
     0
     0
     0
   200
     0
     7
     0
     9
    52
     0
     6
     8
     0
     0
    26
    23
    15
    44
     0
     0
     0
     9
    12
     0
     8
     0
     0
   311
    14
     0
     0
     7
   110
     0
    28
    17
     0
     0
    11
     9
    34
     0
     0
     0
     0
     0
     0
     0
     0
     0
     0
   224
     9
     0
     0
    16
    78
     0
    10
     0
    16
     0
     6
    16
    41
    34
     0
     0
     0
     0
     8
     0
     0
     0
     8
   211
     0
     0
     0
     7
    42
     0
     0
     7
     9
    20
    38
    51
    14
    23
     0
     0
     0
     8
     0
     0
    16
     0
     0
    93
   173
     0
     0
    19
    23
    17
    10
    49
    87
    16
    10
     8
    38
    29
    24
    10
     0
     0
     8
     0
     0
     0
     0
   143
   150
     0
     0
     0
    31
     0
    17
   104
    75
    11
     7
     0
    33
    28
     0
     0
    10
     6
     0
     0
     0
     0
     0
   159
     0
     0
     0
     0
    69
    11
     9
     0
     0
     0
    12
    56
    15
    31
     0
     0
     0
     0
     0
     0
     0
     0
    12
   207
     7
    11
    11
     0
    76
     0
    12
    11
     0
     0
     7
    18
    27
     0
     0
     7
     0
     0
     0
     0
     0
     0
     0
   220
    10
    19
     0
     7
    50
     0
     6
     0
     0
    14
    30
    26
    31
     0
     0
     0
     0
     0
     0
     0
     0
     0
     0
   185
    16
     0
     9
     8
    87
     0
     0
     0
     0
     0
     6
    20
    27
    13
    12
     0
     0
     0
     0
     0
     0
     0
     0
   246
     0
     9
     0
     0
    43
     7
     0
     8
     0
     0
    31
    16
     0
    27
     0
     8
     0
     0
     0
     7
     7
     0
     0
   126
   110
     9
     0
     0
     8
     0
     0
    67
    49
     0
    19
     6
    34
    39
    34
    18
     0
     0
     0
     0
    16
     0
     0
    89
   165
    18
     0
     8
    14
     0
     0
    83
    67
     6
    11
     0
    26
    42
    62
     0
     0
     0
     0
     0
     0
     0
     0
   171
     0
     0
     9
     7
    34
     0
    11
    22
     0
     0
     8
    22
     0
     6
     0
     0
     0
     0
     0
     0
     0
     0
     0
   233
     7
     0
     0
    10
    65
     8
     0
     0
     0
     7
    32
    52
    26
    31
     0
     0
     0
     9
     0
     0
     0
     0
     0
   230
     0
     8
    26
     0
    37
    28
     0
     0
     7
    16
    14
    25
    21
    16
    12
    15
     7
     0
     0
     0
     0
     0
     0
   229
     0
     7
     0
     0
    41
     0
     8
     0
     0
     9
     8
    20
    25
    29
     0
     0
     0
     0
     0
     0
     0
     0
     0
   263
     0
    10
     9
     0
    57
     9
    21
     0
     0
     7
    38
    18
    10
    17
     0
     0
     0
     0
     0
     0
     0
    10
     7
    69
    90
     6
     0
     0
     0
    11
     0
    81
   100
     8
     0
     6
    31
    52
    60
     8
     0
     0
     8
     0
     8
     0
     0
    90
   107
    10
     7
     0
     0
    11
     0
    43
    77
     6
     0
     0
    21
    34
    19
     0
     0
     0
     0
     0
     9
     0
    20
   279
    17
     0
     8
     0
    99
     8
    18
     0
     0
    16
    25
    26
    18
    15
     0
     0
     0
     0
     0
     0
     0
     0
     0
   220
     0
     0
     0
     0
   107
     0
     0
     6
     0
    10
    12
    29
    24
    36
     0
     0
     0
     0
     0
     0
     0
     0
     0
   221
     0
     0
     0
    23
    84
    14
     0
     0
    10
    10
    33
    11
    50
     0
     0
     0
     0
     0
     0
     7
     0
     0
     0
   269
     0
     0
     8
     0
    55
     0
     8
     8
     0
     6
    50
    42
    15
    45
     0
     0
     0
     0
     0
     0
     0
     0
     0
   248
     0
     0
    29
     0
    49
     8
     0
     6
     0
     0
    34
     9
    29
    23
     0
     0
    17
     0
    12
     8
     0
     7
     0
   125
   104
     7
     0
     0
     0
     0
    10
    37
    94
     0
     0
     0
    31
    61
    23
     0
     0
     0
     0
     0
     0
     0
     9
   136
   120
    11
     0
     7
     0
    18
     8
    31
    79
     0
     0
     0
     0
    28
    35
     0
     0
     0
     0
     0
     0
     0
    11
   162
     8
     0
     8
     0
    81
    15
     9
     0
     0
     8
     6
     0
    10
     6
     0
     0
     0
     8
     0
     0
     0
     0
     0
   260
     6
     8
     8
     0
    51
     8
     0
    22
    14
     0
    46
     0
     7
    11
     0
     0
     0
     0
     0
     0
     0
     0
     0
   206
     0
    10
     9
    11
    61
     0
    18
     0
    16
    13
    38
    34
    10
    16
     0
     0
     0
     0
     0
     6
     0
     0
     0
   243
    15
     0
     0
    18
    50
     8
    17
    20
     8
     0
     0
     9
    34
    12
     0
     0
     0
     0
     0
     0
     0
     0
     0
   165
     8
    18
     0
     0
   100
     0
     9
     0
     9
     9
    16
    30
    45
     6
     0
     8
     0
     0
     0
     0
     0
     0
     0
   115
   170
     0
     6
    18
     0
     0
    18
    77
    93
     9
    12
     0
     0
    27
    44
     0
     0
     0
     0
     0
     0
     0
     0
    85
   134
     0
     0
     0
     0
    15
    18
    79
   101
    15
     0
    22
    16
    30
    29
     0
     0
     0
     0
     0
     0
     0
     9
   164
    11
     6
     0
     9
    48
     0
    17
     0
     0
     0
    11
    17
    34
    33
     0
     0
     0
     0
     0
     0
     0
     0
     0
   193
     0
     0
     8
     8
    70
     0
     0
     0
    14
     8
    16
    17
     0
    14
     7
     9
     0
     0
     0
     0
     0
     9
     0
   145
    23
     0
     0
     6
    66
    18
     0
     0
     0
     0
    32
    47
    27
     6
     0
     0
     0
     0
     0
     0
     0
     0
     0
   227
    11
     6
     0
     7
    64
    10
     0
     0
     0
     0
    16
    22
    16
    17
     0
     0
     0
     0
     0
     0
     0
     0
    17
   190
    17
     0
     7
     0
    57
     0
     0
     7
     0
    10
    18
    42
    17
    14
     0
     9
     0
     7
     0
     8
     9
     0
     7
    91
   201
     0
     0
     0
     0
     0
     0
   110
    79
     7
     0
     0
     9
     0
    17
     0
     0
    10
     0
     0
     0
     0
     0
   198
    90
    19
     0
     0
     6
     0
     0
    73
    84
     9
     0
     7
    49
    14
    29
     0
     0
     0
     0
     0
     0
     0
     0
   150
     0
     0
     0
    11
    97
     0
    25
    17
     0
     7
    41
     8
    16
    41
     9
     0
     0
     6
     0
     0
     9
     0
     0
   175
     0
     0
     0
     0
    75
     0
     9
     0
     0
    11
    25
    28
    12
    30
     0
     0
     0
     0
     0
     7
     0
     0
     0
   193
     0
    16
     0
     6
    65
    15
     0
     0
    25
     9
    16
    17
    22
    27
     0
     0
     0
     0
     0
     0
     0
     6
     0
   149
     0
     0
     0
     0
    92
     0
     8
     0
     8
     0
    26
    17
    53
    32
     0
     0
     0
     0
     0
     0
     8
     0
     0
   198
     0
     0
     9
     0
    98
     0
    21
     8
     0
     7
    11
    27
    11
    26
     0
     7
     7
     0
     0
     0
     0
     0
     0
    93
   108
     0
     0
     8
    19
     0
     0
    60
   100
     7
    10
     7
    19
    39
    29
     0
     0
     0
     0
     7
     0
     0
     7
   113
   137
    29
    16
    11
     0
     0
     0
    95
    46
    24
    28
    18
    21
    37
    48
     0
     0
     0
     0
     0
     0
     0
     0
   234
     0
     6
     0
     0
    74
     7
     0
     0
     0
     6
    24
    28
    35
    37
     0
     0
     0
     0
     0
     0
     9
     0
     0
   263
     9
    34
    16
     9
   110
     0
     0
     0
     0
     8
    51
    27
    30
     8
     7
     0
     0
     8
     0
     0
     0
     0
     0
   187
    21
     0
     0
     0
    71
     0
     0
     6
    10
     0
    17
    16
    16
    27
     0
     0
     0
     0
     7
     0
     0
     0
     0
   280
    16
    17
    17
     7
    65
     0
     0
     0
     0
     6
     8
     9
    23
    31
     0
     0
     0
     0
     0
     0
     0
     7
     0
   225
     7
     0
     7
     8
    84
     0
    25
    10
     0
     0
    16
     8
    36
    23
     0
     6
     0
    16
     0
     6
     0
     0
     0
   101
    97
     0
    19
    10
     0
     0
     8
    74
    52
     0
     6
     9
    22
    30
    31
     0
     0
     0
     0
     7
     0
     0
     0
   123
   121
     0
     8
     8
    22
     8
     8
    38
    31
     0
     0
     0
    24
     6
     9
     9
     0
     0
     0
     0
     0
     0
    12
   208
    23
     0
     0
    17
    63
     7
     9
     0
     9
     6
    18
    22
    11
    19
     0
     0
     7
     0
     0
     0
     0
     7
     7
   251
     7
     0
     0
     6
    84
     8
     0
     8
     0
     7
    33
    14
    25
    37
     0
     0
     0
     0
     0
     0
     0
     0
     0
   189
     7
     0
    12
    17
   126
     0
    18
    18
     0
     7
    37
    40
    20
     0
     0
     0
     0
     0
    10
     0
     0
     0
     0
   276
     0
     0
     7
     9
   148
     0
     0
     6
     0
     0
     0
    12
    16
    38
     0
     0
     0
     0
     8
     0
     0
     0
     0
   239
     0
     8
     0
     0
   106
    20
     0
     0
     6
    10
    31
     7
    39
    19
     0
     0
     8
     0
     0
     0
     0
     8
     0
    95
   105
     8
     0
     8
     0
     0
     0
    35
    48
     9
    14
    18
    22
     0
    18
    17
     0
     0
     8
     0
     0
     9
    15
    82
   112
     0
     0
     9
     0
    12
     0
    71
    44
     0
    17
     0
    62
    23
     8
     0
     0
     0
     0
     0
     0
     0
     0
   189
     9
     0
     0
    17
    66
     0
     0
     0
     0
     6
    36
    24
    18
    36
     0
     0
     7
     0
     0
     0
     0
     0
     0
   225
    10
     0
     0
     0
   117
     0
    11
    12
     0
    13
    48
    15
    22
    43
     0
     0
     0
     0
     0
     9
     0
     0
     0
   206
    11
     6
     0
     0
    52
     8
    10
    23
     8
     0
    30
    17
     8
    27
     0
     0
     0
     0
     0
     0
     0
     0
     0
   252
     0
     0
    20
    10
    46
     0
     0
     8
     8
     0
     7
    17
    25
    10
     0
     0
     0
     0
     0
     0
     0
     0
     6
   248
     7
     0
     8
    11
    90
    24
     0
     0
    10
     0
    51
    33
     0
    24
     0
     0
     8
     0
     7
     0
    11
     0
     0
   100
   149
     0
    15
    15
    24
     8
    16
    29
    70
     0
     0
    11
    12
    22
    38
     0
     9
     0
     0
     0
     0
     0
     7
   129
   106
     0
     0
    15
     7
    14
     0
    70
    53
     0
     0
     8
    29
    48
     0
     0
     0
     0
     6
     0
     0
    10
     0
   198
    16
    21
    11
     0
    19
     9
     8
     0
    16
    17
     0
    35
     9
    34
     0
     0
     0
     8
     8
     0
     0
     0
     0
   274
     0
     0
    45
     7
    78
     0
     0
     0
     9
     0
    26
    12
    32
    16
     0
     0
     0
     0
     6
     0
    10
     0
     0
   237
     0
     0
     0
     0
    40
    28
     0
     9
     0
    15
     0
    35
    44
    16
     0
     0
     0
    10
     0
     0
     0
     0
     0
   247
     0
     9
    21
     0
    61
    19
     0
     6
     0
     0
    21
    13
     0
     8
     0
     0
     0
     0
     0
     0
     0
     0
     0
   166
     0
     0
     0
     0
    77
     0
     0
     9
    10
    14
    33
    18
    15
    23
     0
     8
     0
     9
     0
     0
     0
     0
     7
   145
   128
     7
    24
     0
     7
    19
     0
    36
    41
     7
     0
     0
     6
    16
    44
     0
     0
     0
     0
    10
     0
     0
     0
    60
    81
     0
     9
     0
     0
    12
     0
   106
    82
    10
     9
     0
     6
    19
    24
     8
     0
     0
     0
     6
     0
     0
     0
   145
    18
     9
     0
     6
    80
     0
     8
     0
     0
     8
    30
    31
    20
    36
     0
     0
     0
     0
     0
     0
     0
     0
     6
   345
     0
     0
     7
     0
    93
     0
     0
     0
     0
     7
    57
    14
    44
    26
     0
     0
     0
     0
     0
     0
     0
     0
     9
   230
     0
     0
     7
     0
    30
     0
     0
     0
     0
     8
    35
    25
    17
    20
     0
     0
     0
     0
     9
     0
     0
     0
     0
   160
     0
     0
    27
     0
   101
     6
    11
    16
     9
     0
     7
    23
     8
     7
     0
     0
     0
     0
     0
     0
     0
     0
     0
   162
     6
     0
     7
    23
    69
     8
     8
     0
     0
     9
    15
    35
     6
    15
     0
     0
     0
     7
     8
     9
     0
     0
    18
    89
   103
    12
    17
     0
     7
     0
     0
    87
    52
     7
    18
     0
    18
    21
    17
    10
     0
     9
     0
     0
     0
    10
     0
   112
   136
    18
     6
    12
     0
     0
     0
    97
    32
     0
     7
    10
    23
    34
     9
     0
     0
     0
     0
     0
     0
     0
     0
   189
     0
     0
     8
     0
    50
     0
    15
     0
     9
     0
    19
    15
     0
    16
     0
     0
     0
     0
     0
     0
     0
     0
     0
   202
     0
    24
    16
     7
    52
     7
     7
     0
     0
     9
    14
    21
     8
    16
     0
     0
     0
     0
     0
     0
     0
     0
     0
   186
     9
     0
     0
    10
    68
     0
    11
     0
    12
     0
    21
    38
    34
    27
     0
     0
     0
     0
     0
     0
     0
     9
     0
   141
     0
     0
     8
     6
    67
     0
     0
     9
     0
     6
    15
     9
    14
     9
     8
     6
     6
     0
     0
     0
     0
     0
     0
   161
     0
     0
     7
     0
    53
    10
    18
     0
     0
     0
    42
     8
    26
     0
     0
     9
     0
     0
     0
     0
    11
    20
     0
   149
   125
     8
     0
     8
    11
     0
    10
    27
    43
     6
     8
     0
    27
     8
     7
     0
     0
     0
     0
    11
     0
     0
     6
    97
   136
     0
     0
     9
     0
    17
     0
    75
    36
    22
     7
     0
    23
    34
     9
     0
     0
     0
     0
     0
     0
     0
    10
   264
     6
    11
     9
    11
    62
     0
     0
     7
     0
     0
    38
     8
    11
    27
     0
     0
     0
     0
     0
     0
     8
     0
     0
   209
     6
     0
     0
     0
    60
     0
     0
     0
     6
    17
    26
     8
    15
    41
     0
     0
     7
     8
     0
     0
     0
     0
     0
   139
     0
    19
     7
     0
    93
    19
    21
     0
    11
     0
     8
     0
    10
    11
     0
     0
     0
     0
    10
     0
     0
     0
     0
   210
    10
     9
     7
     8
    70
     0
     0
    15
    10
    13
    25
    48
    50
    17
     0
     0
     0
     0
     0
     0
     0
     0
     0
   153
    16
     0
     0
     8
    87
     0
    14
     8
    14
     0
    10
    17
    17
    14
     0
     0
     0
     7
     0
     9
     9
     0
     7
   179
   126
     0
     9
     0
     9
     7
     7
    70
    55
     0
     0
     0
    43
     7
     7
     0
     0
     0
     0
    17
     0
     0
     0
   140
    96
     0
     0
     0
     0
    24
     0
    18
    24
     0
     9
     0
    15
    25
    36
     0
     0
     6
     0
     0
     8
     0
     0
   230
     8
     0
     0
    10
    81
     0
    11
     0
    19
     7
    23
     7
    16
    23
     0
     0
     0
     0
     0
     0
     0
     0
     0
   167
     0
     8
     0
    10
    43
     0
     0
     0
    10
     0
    26
    23
    18
    27
     0
     0
     0
     0
     0
     0
     0
     7
     0
   172
     0
     0
     8
    29
    71
     0
     6
    10
     0
     6
    19
    38
     0
     6
     0
     0
     0
     0
     0
     0
     0
     0
     0
   174
     0
     0
    11
     0
    39
     0
     0
     7
     0
     9
    30
    16
    20
    16
     0
     0
     0
     0
     0
     0
     0
     0
     0
   300
     0
     0
     8
     7
    45
     0
     7
     8
     0
     0
    34
    10
    50
     8
     0
     8
     0
     8
     0
     0
     0
     0
     0
   139
   116
     8
     0
     0
     0
     9
     0
   109
    50
     9
     9
     6
    22
    32
    41
    17
     0
     8
     0
     0
    10
     0
     0
    92
   142
     0
     0
     8
     0
    11
     0
    40
    75
    18
    13
     0
    10
    31
    40
     0
     8
     0
     0
     0
     0
     0
     0
   256
     0
    14
     8
     8
   137
    30
     7
     8
     6
    17
    20
    11
    19
    28
     0
     0
     0
    11
     0
     7
     0
     0
     7
   217
     0
     8
    11
     0
    56
     6
     0
    10
    19
     0
    14
    18
    15
    26
     0
     0
    10
     0
     0
     0
     0
     0
     0
   188
     0
     0
     8
    15
    34
    12
     0
     6
     0
    10
    25
    51
     7
     0
     0
     8
     0
     0
     0
     0
     8
     0
     0
   243
     0
     0
     9
    15
    70
     0
    17
    18
     0
     0
    17
    31
    22
    37
     0
     0
     0
     0
     0
     0
     0
     9
     0
   136
     0
     0
    10
     9
    70
     0
     7
     0
     9
     8
     8
     8
    24
    16
     0
     7
     9
     8
     0
     0
     8
     0
     0
   102
   117
    32
     8
     6
     0
     0
     0
    64
    72
     0
     7
     8
     9
    35
     7
     0
    11
     0
     8
     0
     0
     0
     0
   182
   137
     0
     0
     8
     7
    11
     0
    33
    33
    12
    10
     0
    26
    42
    22
     0
     0
     9
     0
     0
     0
     0
     0
   231
     0
    16
     0
     7
   100
     7
    27
     9
     0
     0
    34
    18
    23
    41
     0
     0
     0
     0
     0
     0
     0
     0
     0
   228
     0
     0
     0
     7
    94
     8
    15
     0
     6
     0
     9
    20
    13
     0
     0
     0
     0
     0
     0
     0
     0
     0
     0
   218
    11
     0
     7
     7
    50
     0
     0
     0
     0
     0
    10
    46
    14
    19
     0
     0
     0
     0
     6
     8
     0
     0
     0
   204
    18
     9
     0
     0
    74
     0
     0
     0
     6
    23
    15
    25
    11
     0
     0
     0
     0
     0
     0
     0
     0
     8
     0
   156
    22
    14
    13
     9
    97
     0
     6
     0
    15
     0
     0
    34
     9
    16
     0
    12
     8
     0
     0
     0
    10
     0
     9
   117
   141
    21
     0
     0
     0
    12
    11
    61
    81
    12
     9
     7
    15
    42
    26
    10
     7
     0
    11
     9
     8
     0
     0
   128
   134
     0
    10
    10
     0
     0
    17
    58
    45
     0
     0
     8
     9
    31
    41
     0
     0
     0
     0
     0
     0
     0
     0
   170
     0
     0
     6
    24
    71
     0
     8
     8
    14
    14
    32
    34
    14
     6
     0
     0
     0
     0
     0
     0
     0
     0
     0
   136
     9
     0
     0
     0
    24
     0
     0
     0
     8
     0
     0
     9
     0
    46
     0
    10
     0
     0
     0
     0
     0
     0
     0
   248
     7
     0
     0
     0
    77
    10
     0
     0
     0
     0
    37
    14
     8
    40
     0
     0
     0
    15
     0
     0
     0
     0
     0
   203
     0
     0
     0
     0
    20
    20
     0
     0
     0
     0
    77
    25
    42
    18
     0
     0
     0
     0
     0
     0
     0
     6
     0
   179
    12
     9
     0
    21
   108
     8
    10
    16
     0
     0
     6
    29
    15
    41
     0
     0
     0
     0
     0
    12
     0
     0
     0
   120
   119
     6
     7
    18
    18
    17
     0
    57
    61
    17
     6
     0
    22
    50
    40
     0
     0
     0
     0
     0
     0
     6
     0
   137
   146
     0
     8
     0
     0
     9
     0
    64
    41
    18
     0
     9
    18
    15
    23
     0
     0
     0
     9
     8
     0
     0
     0
   169
     0
     7
     0
     0
    92
     0
    10
    17
    10
     0
    28
    38
     7
    30
     0
     0
     0
     0
     0
    11
     0
     7
     0
   170
    16
     0
     8
     7
    48
     7
     6
     0
     0
     7
    27
     0
    41
    20
     0
     0
     0
     0
     0
     0
     0
     6
     0
   154
     0
     6
     0
     0
    45
    16
     0
     0
     0
     7
     7
    27
    24
     0
     0
     0
     0
     0
     0
     0
     0
     0
     0
   209
     9
     0
     0
     9
    34
     0
     0
    11
    10
     0
    35
    19
     8
    13
     0
     0
     0
     0
     0
    11
     0
     0
     0
   239
     8
    16
     0
     0
    72
     0
     7
     0
     9
     0
    22
    27
     0
    54
     0
     0
     0
     0
     0
     0
     0
    18
     0
   172
   171
    10
    23
     0
    15
    23
     8
    19
    61
    20
    19
     7
     8
     9
    26
     0
     9
     0
    19
     0
     8
     8
     0
    97
   141
     0
     7
     6
     0
     0
     0
    25
    39
     0
     0
     8
    40
     0
    16
     0
     0
     0
     0
     0
     9
     0
     0
   292
     7
     9
     0
     7
    69
     9
     0
     8
    10
     6
    35
    10
    11
    29
     0
     0
     0
     0
     0
     0
     0
     0
     0
   261
     9
     0
     0
     0
    61
    18
     0
     8
     7
    20
    26
    51
    22
    14
     0
     0
     0
     0
     0
     0
     0
     0
     0
   203
     8
    17
     0
     8
    37
     8
     0
     7
     0
     0
    24
    15
    27
    51
     0
     0
     0
     0
     0
     0
     0
     0
     0
   182
     0
     8
     6
     0
    44
     9
     9
     0
    18
    26
    20
    40
    15
    17
     0
     0
     0
     0
     8
     0
     0
     0
     0
   224
     8
     0
     0
     7
    76
     0
     0
    16
     9
     6
    26
    50
    16
    25
     0
     0
     0
    11
    12
     0
     0
    14
     0
   117
    76
     0
    24
     0
    17
     0
     9
    61
    30
     0
     6
     7
     7
    36
    36
    11
     6
     0
     0
     0
     0
     0
     0
   174
   128
     7
     7
     0
     0
     0
     0
    33
    25
    11
    18
    20
    10
     7
    16
     0
     0
     0
     0
     0
     0
     0
     0
   215
     0
     0
     7
     0
    47
     0
     0
    15
     0
     0
    44
    29
    32
     8
     0
     0
     0
     0
     0
     0
     0
     0
     0
   143
     9
    20
    22
     7
    73
     6
     0
     9
     0
     0
    16
    21
    25
     6
     0
     0
     0
     0
     0
     0
     0
     0
     0
   179
     0
     0
     0
    18
   116
    11
     0
    15
     0
     0
    22
     7
    15
    29
     0
     9
     0
     0
     0
     0
     0
     7
     0
   220
     0
     0
     0
     0
    47
    24
    10
    16
    15
     0
    14
    21
    22
    19
     0
     0
     0
     0
     0
     0
     0
     0
     0
   195
     0
     0
     8
    12
    68
    14
     0
    27
     8
    19
    44
    15
     0
    13
     0
     8
     0
     0
     9
     0
     0
     0
     0
   201
   126
     0
     0
     0
     0
    27
     0
    61
    58
     9
     0
     7
    16
     8
    17
     0
     0
     0
    10
     9
     0
     8
     0
   156
    79
     8
     6
     7
    17
     7
     0
    65
    70
     0
     7
    15
     7
     9
    26
     0
     0
     8
     0
     0
     0
     0
     0
   121
    21
     0
     8
    26
    75
    10
     0
     8
     0
    15
    32
    21
    13
    17
     0
     0
     0
     0
     0
     0
     0
     0
     0
   157
     9
     8
     0
    20
    47
     7
     0
    11
     0
     0
    37
     8
    30
    25
     0
     0
     0
     0
     0
     8
     0
     0
     0
   231
     0
     0
    14
    15
    26
     8
     0
     0
     0
     7
    18
    14
     8
    18
     0
    12
     0
     0
     0
     0
     0
     0
     0
   271
    14
     7
     0
     0
    84
     0
     8
     0
     0
    16
    55
     9
    25
     0
     0
     0
     0
     0
     0
     0
     0
     0
     0
   157
     8
     0
     0
     8
    48
     9
     0
     9
     0
     0
    50
    14
    20
    15
     7
     0
     0
     0
     0
     0
     8
     0
    11
   114
   127
     9
     0
     0
     0
     8
     0
    26
    55
     0
    16
     0
    27
    33
    27
     0
     9
     0
     0
     0
     0
     0
     7
   164
   138
     0
    37
     0
    17
     6
     8
   103
    71
     7
    12
    11
    39
    17
     0
     0
     8
     0
     7
     0
     7
     0
     0
   240
     0
     0
     8
    16
    50
     0
     0
     0
     9
     0
    14
    35
    43
    23
     0
     0
     0
     7
     9
     0
     0
     0
     0
   243
     0
    11
     0
     8
    54
     0
     9
     0
    10
     0
    18
    10
    30
     0
     0
     0
     0
    10
     0
     0
     0
     0
     0
   191
    16
     6
     8
     6
    31
     7
     9
     9
    26
    10
    19
     8
     9
    33
     0
     0
    11
     0
     0
     0
     0
     0
     0
   243
     9
     0
     0
     9
    91
    10
     0
     0
     9
     0
    35
     9
    30
    18
     0
     0
     0
     0
     0
     0
     0
     0
     0
   194
     8
     8
     8
    12
    16
     0
     0
     0
    16
     8
    34
    26
    18
    10
     0
     0
     7
     0
    11
    22
     0
     0
     0
   139
   172
    14
     9
     6
     0
     8
    26
    69
    76
     8
    17
     0
     0
    15
    16
     7
    10
     0
     0
     8
     0
     0
     0
   124
   104
     0
     0
     0
    16
     0
     0
    35
    70
     0
     0
    11
    50
    20
    14
     0
     0
     0
     0
     0
     0
     9
     0
   352
     9
     8
     0
     0
    70
     9
     0
    15
     0
     7
     8
     0
    29
    14
     0
     0
     0
     0
     0
     8
     0
     9
     0
   222
     0
     0
     0
    28
    77
     0
     8
     0
     0
     7
    25
     0
    22
    33
     0
     0
     0
     0
     0
     0
     0
     0
     0
   172
     0
     0
     0
     0
    63
     0
    10
     0
     0
     0
    22
    25
    30
    14
     0
     0
     0
     0
     0
     0
     0
     0
     0
   200
    10
     0
     9
     0
    93
     0
     0
    11
     7
     0
    14
     0
     7
    16
     9
     0
     0
     0
     0
     0
     0
     0
     0
   320
     9
     0
     0
     0
   141
     0
    10
     7
    15
    16
     9
     8
    38
    32
     0
     0
     8
     0
     9
     0
     6
     0
     6
   145
    53
     0
     0
    14
     6
    20
     0
   123
    30
     0
     6
     0
    41
    19
    51
     0
    11
     9
     0
     0
     0
     0
     0
   151
   113
     7
     7
    16
     0
     0
    16
    38
    33
     0
    17
     9
     9
    17
    34
     0
     0
     0
     0
     0
     0
     0
     0
   226
    24
     0
     0
     0
    62
     0
    19
     0
     0
     6
     0
    14
    25
     7
     0
     0
     0
     0
     0
     0
     0
     0
     0
   252
     0
     0
     0
     9
    87
    18
     0
    20
     9
     7
     9
    11
    36
     0
     0
     0
     0
     8
     0
     0
     0
    10
     0
   255
    19
     0
     0
    21
    63
     0
     0
     0
    23
     9
    44
    10
    48
     0
     0
     0
     0
     8
     0
     0
     0
     0
     0
   188
    10
     0
     9
     0
    92
     0
     0
     0
     0
     9
    14
    36
    10
    17
     6
     0
     0
     8
     0
     0
     0
     0
     0
   291
    21
     9
     0
     8
    35
    12
     0
     0
    11
     8
    17
     6
     0
    18
     0
     0
     0
     9
     0
    11
     0
     0
    10
   113
   102
     8
     0
    10
     0
     0
     0
    70
    87
    13
     0
     0
     6
    24
    19
    14
     0
     0
     0
     0
     8
     0
     0
    94
   169
     8
     0
     0
     0
     9
     0
    22
    59
    20
    10
     0
    18
    18
    36
     0
     0
     0
     0
     9
     0
     0
     7
   188
     0
     0
     7
     0
    82
     0
    11
     9
     0
     0
    21
     8
    18
    28
     0
     0
     0
     0
     0
     0
     0
     0
     0
   251
     0
    12
     0
     0
    57
     0
     8
     0
     8
     0
    19
    25
    16
    40
     8
     0
     0
     0
     0
     0
     0
     0
     0
   200
     0
    18
    12
    10
    71
     0
     9
     0
     0
     6
     9
    24
    16
     0
     0
     0
     0
     0
     0
     0
     0
     0
     0
   256
     0
     0
     6
    10
    58
     0
     0
    22
     0
     0
    38
     8
    17
    37
     9
     0
     0
     0
     0
     0
     0
     0
     0
   191
     0
     9
     0
     7
    58
     0
    11
     0
     9
     0
    20
    14
    31
    11
     0
     0
     0
     0
     0
     0
     0
     0
    10
    98
   153
     8
    19
     0
     9
    11
     0
    50
    52
     0
     7
     0
     0
    20
    15
     0
     9
     0
     7
     0
     0
     0
     0
    91
    99
     0
     0
    26
     0
     0
     9
    98
    69
    11
     0
     7
    30
    11
    66
     0
     8
     0
     0
     8
     0
     0
     0
   209
    18
     8
     0
     9
    72
     0
     0
     0
     0
     6
    20
    52
    27
    18
    11
     0
     7
     0
     0
     8
     0
     0
     0
   150
    11
     0
     0
     0
    88
     0
     0
     0
    17
     8
    25
    32
     9
    15
     0
     0
    10
     0
     0
     7
     0
     0
     0
   178
     0
     6
     0
    12
    32
     7
     0
    25
     0
    13
    36
     7
    23
    29
     0
    10
     0
     0
     0
     0
     0
     0
     0
   257
    10
     0
     7
     0
    48
     0
    15
    12
    11
     0
    23
    31
     7
    26
     0
     0
     0
     0
     0
     0
     0
     0
     0
   175
    17
     7
     8
     9
    87
     6
     0
     7
    10
     0
    28
    50
    11
    25
     0
     0
     0
    10
     0
    17
     9
     0
     0
   113
    92
     0
     0
    12
    15
     0
     0
    70
    71
     9
     0
     9
     0
    33
    22
     0
     0
     0
     7
    16
     0
     6
     0
   116
   157
     7
    17
     9
     0
    10
     9
    62
    50
    27
    18
     0
    30
     0
    59
     0
    10
     0
     0
     0
     0
     0
     0
   181
     0
     0
    10
    26
    51
    22
    18
     0
     0
     0
    17
    14
    21
    23
     0
     8
     0
     0
     0
     0
     0
     0
     0
   211
     8
    30
     0
     8
    75
    10
    19
     0
    34
     0
    20
    21
    24
    45
    17
     0
     0
     0
     0
     0
     0
     0
     0
   123
     0
     9
     0
     0
   107
    13
     0
    21
    10
     6
    48
    32
    35
    32
     0
     0
     0
     0
     0
     0
     0
     0
     7
   201
     0
     0
     0
     0
    49
     7
     0
    20
     0
     9
    26
    11
    24
    37
     0
     0
     0
     0
     0
     0
     0
     0
     0
   261
    11
     0
     0
     0
    97
     0
     0
     0
     0
    18
     7
    21
    11
    23
     0
     0
     0
     0
     6
     0
     0
     0
     0
    93
   106
     8
     0
     0
     0
     0
     0
    71
   105
     0
     9
     0
    27
    22
    13
     0
     0
     9
     0
     7
     7
     0
     0
   131
   140
     0
     9
    14
     0
    15
    11
    40
    47
     7
     0
     0
    25
    22
    37
     0
     0
     0
     0
     7
     0
     0
     0
   282
     0
     8
     0
     0
   131
     0
     0
     0
    23
    17
     0
     0
    24
    12
     0
     0
     0
     0
     0
     0
     0
     0
     0
   360
     8
     0
     9
     0
    53
     0
     0
    12
     0
     9
    25
    19
    23
    19
     0
     0
     0
     0
     0
     0
     0
     0
     0
   247
     0
    16
     0
    11
    30
     0
     0
     8
    17
     6
    17
    18
    36
    23
     0
     6
     0
     0
     0
     0
     0
     0
     0
   196
    10
    12
     7
     0
    99
     0
     8
    14
     0
    12
    36
    23
    50
     9
     0
     0
     0
     0
     0
     0
     0
     0
     0
   206
    11
     0
    11
     0
    62
     8
    10
    17
     9
     0
    16
     6
    47
     0
     0
     0
     0
    11
     0
     0
     0
     0
     8
   135
    68
     8
    15
    17
     9
     7
     0
    33
    44
     0
     0
     0
     0
    63
    32
     9
     0
     0
     9
     0
     0
     6
     0
   102
   136
    10
     0
     8
     0
    21
     0
    66
    63
    10
     0
     7
    16
     0
    26
     8
    19
     0
     0
     0
     0
     0
     0
   270
    16
    27
     0
    35
   140
     7
     0
     0
     0
    10
    26
    29
    23
    17
     0
     0
     0
     0
     0
     0
     7
     8
     0
   277
    11
     9
    12
     0
    43
     0
     0
    15
     0
     0
    14
     9
    16
    41
    11
     0
     0
     0
     0
     0
     0
     0
     8
   140
     6
     7
     7
     6
    98
     7
     8
    10
     0
     0
    23
     9
     9
    13
    14
     0
     0
     6
     0
     0
     0
     0
    11
   206
     0
     6
     0
    14
    85
     0
     9
     9
     0
     7
    12
    15
    25
     7
     7
    11
     0
     0
     0
     0
     0
     0
     0
   220
    24
     0
     9
    20
    38
     0
     8
    18
    11
     7
    28
     9
    28
     6
     0
     0
    10
     9
     0
     0
     8
     9
     0
   124
   177
     0
     0
     7
     8
    10
    25
   152
    72
     0
     0
    12
    18
    15
     6
    10
     0
     9
     9
    20
     0
     0
     0
    65
   163
     0
     0
    10
     7
     7
     0
    24
    43
     0
     0
     7
    31
    21
    14
     0
     0
     0
     0
     0
     8
     0
     0
   212
     0
     0
     0
     0
    60
     6
     0
     0
    31
     9
    35
    17
     0
    20
     0
     0
     0
     0
     0
     9
     0
     0
     0
   191
    16
     7
    15
     8
    70
     9
     7
    19
     0
    17
    38
    25
     0
     8
     6
     0
    10
     8
     0
     0
     0
     0
     0
   149
     6
     0
    17
     0
    83
     6
     9
     8
     8
     8
    20
    23
    24
     7
     0
     0
     0
     9
     0
     0
     0
     8
     0
   319
    11
     6
    10
     9
    97
    17
     6
     0
    12
    20
    23
    23
    24
    23
     0
    10
     0
     0
     0
     7
     0
     0
     0
   259
    10
     0
     6
     8
    53
     0
    11
     8
     6
    10
    32
     7
    32
    10
     0
     0
     9
     0
     0
     0
     0
     0
     0
   150
   110
     0
    15
     0
     0
     0
     0
    59
    45
     0
     0
     0
     0
    18
    20
     0
    16
     0
     9
     0
     0
     0
     9
   176
   178
     0
    21
    28
     0
     0
    38
    69
    82
     8
    10
     6
    36
    39
    42
     0
     0
     0
     0
     0
     0
     0
     0
   308
     0
    16
     0
     8
   153
     0
     8
     0
     0
    15
    15
     6
     7
     9
     8
     6
     0
     0
     6
     0
     0
     0
     0
   168
     7
     6
    25
     0
   128
     0
    10
     0
     0
     0
     9
     9
     7
    43
     0
     0
     0
     9
     0
     0
     0
     0
     0
   282
    20
     0
     7
     6
    90
     7
     0
     0
     0
     9
    19
    48
     0
     7
    11
     0
     8
     7
     0
     9
     0
     0
     0
   324
     7
    19
     7
     0
    82
     0
     9
     0
    34
    16
    33
     0
    29
     0
     0
     0
     0
     0
     0
     0
     0
     0
    14
   321
     0
     0
     9
     0
    15
     0
     6
     7
     7
     0
     9
    43
    56
    39
     0
     0
     0
     0
     0
     8
     0
     0
     0
   160
   168
     0
     0
     0
    18
     0
    20
    39
    27
    13
    19
     0
    25
    35
    22
     0
     8
     0
     0
     0
     8
     0
     0
   139
    97
    17
     0
    25
    17
    11
     0
    63
    60
    23
     0
    10
     8
    30
    62
     6
     0
     0
     8
     0
     0
     0
     0
   194
     0
    18
     8
     0
    68
     0
     7
     0
    16
     0
    21
    33
    36
    15
     0
     0
     0
     0
     0
     7
     0
     0
     0
   269
     6
     8
     0
     7
    70
     0
     0
    13
    18
     6
    17
    25
    11
    57
     0
     0
     0
     0
     0
    10
     0
     0
     0
   256
     7
    25
     6
     8
    95
     0
     0
    16
    13
     9
    36
    27
     9
    22
     0
     0
     0
     0
    11
     0
     0
     0
     0
   195
     6
    11
    18
     8
    95
    31
     8
    14
    18
     8
    46
    41
    57
     7
     0
     0
     0
     8
     0
     0
     0
     0
    10
   335
     9
     0
     0
     0
   126
     7
     0
     9
     0
     6
    40
    21
    44
    23
     0
     0
     7
     9
     0
    15
     0
     0
     7
   209
   120
    26
     0
    27
    11
    17
    10
   119
    94
     8
    15
     8
    10
    19
    34
     0
     0
     0
     0
     0
     0
    10
     0
   163
   134
     0
    17
     0
     6
     9
     0
    60
    57
     0
    11
     6
    12
    22
    27
     0
     0
     6
     0
     8
     0
     0
     0
   255
    11
    10
    22
     7
    76
     6
     0
     0
     0
    10
    21
     8
    33
    30
     0
     0
     0
     0
     0
     0
     0
     0
     0
   238
     8
     0
     8
    10
    76
     9
     0
     0
    15
    18
     9
    22
    30
    37
     0
     0
     0
     0
     0
     0
     0
     0
     0
   300
     0
     0
     0
     0
    79
     0
     9
    10
    10
     0
     0
    23
    36
    13
     8
     0
     0
     0
     0
     0
    10
     0
     0
   213
     0
     8
     9
     0
   121
     9
    10
     0
    17
     0
    16
    34
    22
     0
     0
     0
     0
     0
    11
     0
     0
     0
     0
   232
     8
    11
     0
     0
    64
     0
    18
     9
    10
    20
    21
    24
    55
    22
     0
     8
     8
     0
    19
     0
     6
     0
     0
   110
   176
     0
     0
     0
     6
     8
    10
    73
    83
     8
    14
     0
    54
     8
    27
     0
     8
     0
    17
     9
     0
     0
     0
    99
   150
     0
    10
     0
    18
     7
     0
    66
    41
    18
     0
     0
    38
     9
    14
     0
     0
     0
     0
     0
     0
     0
     0
   285
     0
     7
     9
    10
    51
     0
    16
     0
    21
     8
    35
    18
    16
     8
     0
     0
