     0
     0
     0
     0
     0
     0
     0
   103
     9
     0
    12
     8
    68
     0
     9
     0
     9
     0
    18
     0
    14
    23
     0
     0
     0
     0
     0
     0
     0
     0
     0
   145
     0
    21
     6
     0
    78
    11
     8
     6
     0
     0
    26
     8
    27
     6
     0
     9
     0
     0
     0
     0
     0
     0
     0
   152
    11
    18
     0
     0
    35
     0
     0
     0
     0
    10
    28
     9
    14
     6
     0
     0
     0
     0
     0
     0
     0
     0
     0
   156
     9
     8
     0
     0
    30
     0
     0
     0
     0
     8
     0
    18
    29
    30
     0
     8
     0
     0
     0
     0
     0
     0
     0
   120
    16
    15
     0
    18
    61
     0
     0
     0
     0
    10
    18
    11
     9
     0
     0
     0
     0
     8
     0
     0
     0
     0
     0
    73
    32
     0
     0
     0
     7
    10
     0
    97
    60
     0
     0
     9
    10
     9
    31
     0
     0
     0
    10
     0
     0
     0
    11
   125
    71
     0
     0
     8
     6
     0
     0
    38
    38
    11
     0
     0
    35
    34
    26
     0
     0
     6
     0
     0
     0
     0
     0
   169
     0
     0
    18
     0
    60
     0
     9
     8
     0
     0
    10
     6
    28
     0
     0
     0
     0
    10
     0
     0
     0
     0
     0
   144
    13
    16
    28
     0
    45
     0
     0
    13
     0
     6
    29
    41
     6
     0
     0
     0
     0
     0
     0
     0
     8
     0
     0
   161
    10
     0
    11
    25
    40
     0
     0
    12
     0
     9
    12
    24
    27
    18
     0
     0
     0
     0
     0
     0
     0
     0
     0
   162
     9
     9
     0
     0
    30
     0
    20
     0
     0
     0
    20
    10
     7
    27
     0
     0
     0
     0
     0
     0
     0
     0
     0
   150
     0
     0
     9
     0
   101
     9
     0
     0
     6
     9
     0
    13
    20
     0
     0
     0
     0
     0
     6
     0
     0
     0
     0
    75
   101
    10
    16
     0
     0
    16
     8
    56
    62
     0
    17
    24
    19
    14
     0
     0
    13
     0
     0
     0
     0
     0
     0
   125
    81
     0
     8
     0
     0
     0
    10
    56
    35
     0
     0
    21
    25
     9
    27
     0
     0
     0
     0
     0
     0
     0
     0
   142
     0
    20
     8
     0
    38
     0
     7
     0
     0
     0
     0
     0
    39
    17
     0
     0
     0
     0
     0
     8
     0
     0
     0
   210
     9
     0
     0
     9
    69
     8
     0
     0
     0
     0
     0
    27
     7
    17
     0
     0
     0
     0
     0
     0
     0
     0
     0
   146
    21
     0
    10
     0
    42
     0
     0
     8
     0
     9
    40
    31
     0
     7
     7
     0
     0
     0
     0
     0
     0
     0
     0
   101
    10
     7
     0
     0
    57
     0
     0
     0
     0
     0
     8
    32
    27
    25
     0
     9
     0
     0
     0
     0
     0
     9
     8
   141
     6
     0
     0
    11
    40
     0
     0
     8
     8
    14
     0
    18
    14
    15
     9
     0
     0
     0
     0
     0
     0
     0
     0
    53
    99
     0
     0
     0
     0
     9
     0
    36
    36
     0
     0
     8
    21
    28
    31
     0
     7
    10
     0
     0
     0
     0
     0
    39
    97
     0
     0
    10
    16
     0
    10
    43
    43
     0
     0
     7
    16
     0
    18
     0
     0
     0
     0
     0
     0
     0
     0
   197
     0
     0
     0
    16
    42
     0
    10
     0
     0
     0
    22
    28
    20
     9
     7
     0
     0
     0
     0
     0
     0
     0
     0
    80
     0
     7
     0
    21
    34
     9
     0
     7
     0
    13
     8
     9
    23
    10
     0
     0
     0
     0
     0
     0
     0
     0
     0
   163
     0
     0
    11
     0
    87
    10
    10
     0
     0
    17
    15
    27
    23
    30
     0
     0
    18
     0
     0
     0
     0
     0
     0
   127
    28
     8
     0
     0
    46
     0
     0
     6
     0
     0
     8
     7
    27
    36
     9
     0
     0
     0
     0
     0
     0
     0
     0
    98
     0
     7
     0
     0
    46
     0
     0
    12
     0
    10
    10
    12
     0
    18
     0
     0
     0
     0
     0
     0
     9
     0
     8
    68
   112
     6
     0
     0
    25
     0
     0
    40
    79
     0
     0
     9
     8
    31
     7
     0
     8
     0
     0
     0
     0
     7
     0
    83
    90
     8
     0
     0
     7
     0
    10
     0
    37
     0
     0
     0
    18
    17
     0
     0
     0
     0
     0
     0
     9
     0
     0
   104
     0
    10
    14
     7
    33
    17
     0
     0
     0
     0
     0
    19
     7
    46
     0
     0
     0
     0
     0
     0
     0
    11
     0
   206
    18
     0
     0
     7
    44
     0
     0
    15
     0
     6
    10
     6
     7
    34
     8
     0
     0
     0
     0
     0
     0
     0
     0
   111
     0
     0
     0
     0
     6
    24
    10
    17
     0
     0
    26
    15
    17
     0
     0
     0
     0
     0
     0
     8
     0
     0
     0
   108
     0
     0
     0
     7
    77
    14
     8
     0
     0
     9
     8
     0
     0
    29
     0
     0
     0
     0
     0
     0
     0
     0
     0
   175
     0
     6
    10
     8
    78
     0
     0
     0
    23
    14
    10
     8
    30
     6
     0
     0
     0
     0
     8
     0
     9
     0
     0
    54
   101
     0
     0
     0
    10
     0
     7
    45
    47
     9
     0
     0
    59
     7
    26
     0
     0
    10
    10
     0
     0
     0
     0
   124
   106
     0
     0
    12
     8
     9
    11
    45
    18
     0
    10
     0
    17
    16
    47
     0
     0
     0
     0
     0
     0
     6
     0
   177
     0
    26
     0
    10
    46
    15
    11
     0
     7
     0
    24
     0
     8
    31
     0
     0
     0
     0
     7
     0
     0
     0
     0
   215
     0
     8
     7
    13
    73
     0
     0
    16
     0
     0
     8
     0
     0
    16
     0
     0
     0
     0
     0
     0
     0
     0
     0
   172
    12
     7
     6
     0
    28
     8
    29
     0
     6
     0
     0
     7
    26
    25
     0
     0
     0
     0
     0
     0
     0
     0
     0
   111
    17
    26
     0
     0
    37
     0
     0
    10
     7
     0
    36
    15
    15
    36
     9
     0
     0
     0
     0
     0
     0
     0
     0
   233
    12
     0
     0
     6
    41
     7
     0
     0
    11
     6
    29
    11
     7
    15
     0
     0
     0
    10
     0
     0
     0
    10
     0
    56
    64
    16
     0
     7
    10
     0
     0
    71
    53
     0
     0
    10
     0
    23
    18
     0
     0
     0
    10
     0
     0
     0
     8
   104
    95
     0
     0
    10
     0
    12
     0
    42
   101
     0
     0
    16
    28
    19
    42
     0
     0
     0
     0
     0
     0
     0
     0
    94
     0
    10
     0
     0
    41
     0
     0
     7
     0
     0
    15
     7
    28
    36
     0
     0
     0
     0
     0
    19
     0
     0
     0
   238
     9
     8
     6
     0
    24
     0
    11
     0
     0
     0
    18
    29
    53
     9
     0
     0
     0
     0
     8
     0
     0
     0
     0
   191
    13
     0
     0
    12
    72
     0
     8
    10
     8
    12
    11
    35
     0
     7
     0
     0
     0
     0
     0
     0
     0
     0
     0
   263
     0
     0
     9
     0
    57
    10
     0
     0
    11
     0
    10
     7
    17
    16
     0
     0
     0
     0
     0
     0
     0
     0
     0
   112
     0
     0
     7
     0
    62
     7
     0
     8
     0
     0
     0
     0
     0
    10
     8
     0
     0
     0
     0
     0
     0
     0
     0
    68
    79
     0
     8
     9
     6
     0
     0
    27
    31
     9
     0
     0
    15
     0
    16
     0
     0
     0
     0
     0
     0
     0
     9
   100
   133
     9
    21
     0
     7
    10
    13
    43
    24
    19
     0
     0
     9
     0
    15
     0
     0
     0
     6
     0
     0
     0
     0
   209
     0
     6
     0
     7
    24
     0
     0
     0
     0
     8
    15
     0
    27
    11
     0
    11
     0
     0
     0
     0
    10
     0
     0
   104
     0
     8
     8
     8
    30
     0
     0
     0
     0
     0
    27
    43
    17
     0
     0
     0
     7
     0
     0
     0
     0
     0
     0
   223
    29
     6
     0
     0
    92
     0
     0
     0
     8
     7
    56
    22
    22
    23
     7
     8
     0
     0
     0
     0
     0
     0
     0
   212
     7
     0
     8
     0
    59
     0
     0
     8
     0
    20
    10
    22
     7
    20
     0
     0
     0
     0
     0
     7
     0
     0
     0
   218
    14
     0
     9
     0
    34
     0
     0
     0
     0
     0
     0
     9
     0
    17
     0
     0
     0
     0
     0
     0
     0
     0
     0
    77
    78
     0
     0
     0
     0
    19
     0
    48
    15
     0
     8
     0
    46
    22
    44
     0
     8
     0
     7
     0
     9
    10
     8
   116
   127
     8
     0
     8
     0
    18
    28
    44
    46
    20
    10
    17
    24
     7
    32
     0
     0
     7
     0
     0
     0
     0
     0
   229
     0
     0
     0
     0
    39
     9
     8
     0
     0
     0
    14
    31
     6
    29
     0
     0
     0
     0
     0
     0
     0
     0
     9
   144
     0
     0
     0
     9
    47
    18
     9
    16
     7
     0
    19
    10
    20
    41
     0
     0
     0
     0
     0
     0
     0
     0
     0
    89
     0
     0
     0
     0
    54
     0
     0
     0
     0
     8
    13
    14
     9
    16
     0
     0
     0
     0
     0
    10
     0
     0
     0
   148
     0
     0
    12
     0
    63
     6
     6
    16
     0
    18
    15
    25
     7
    26
     0
     0
     0
     0
     0
     0
     0
     0
     0
   150
     8
     7
     0
     0
    80
     8
     0
     0
     6
    10
     8
    13
    46
     8
     0
     7
     0
     0
     0
     9
     7
    10
     0
    71
    51
     0
     8
     0
     0
     0
    10
    53
    80
    10
    11
     0
     8
    20
    17
     0
    11
     0
     0
     0
    11
    11
     0
    84
   100
    10
     0
    17
     0
    17
     0
    41
    53
    11
    14
     0
    17
    18
    15
     0
     0
     0
     0
     0
     0
     0
     0
   115
     6
     0
     0
     0
    53
     0
     0
     0
    20
     0
    23
    27
    14
    10
     0
     0
     0
     0
     0
     9
     0
     0
     0
   159
     0
     0
     0
     0
    18
     0
    11
     0
     0
     7
    28
     0
    15
    24
     0
     0
     0
     0
     7
     0
     0
     7
     0
   137
     7
     0
    11
     8
    51
     0
     0
    11
     8
     7
     0
     7
     0
     6
     0
     0
     0
     0
     0
     0
     0
     9
     0
   169
     0
     0
     0
     0
    69
     0
     9
     0
    18
     0
    24
     8
     9
     0
     0
     7
     0
     0
     0
     0
    10
     0
     0
   267
     7
     0
     8
     0
    59
     9
     0
    11
    37
     0
    25
    27
     0
    70
     0
     0
     8
    10
     0
     0
     0
     0
     0
   121
    67
     0
     0
     0
     0
     0
     0
    65
    35
     8
     7
     0
    23
    16
    16
     0
     0
     0
     7
     0
     0
     0
     0
    88
    68
     9
     0
     9
     0
     9
     8
    42
    53
     9
     0
     0
    20
    26
    24
     0
     0
     0
     8
     0
     0
     0
     0
   212
     0
    17
    10
     0
    51
     0
    10
     0
    10
     0
     9
    18
     0
     9
    14
     0
     0
     0
     0
     0
     9
     0
     0
   142
     0
     8
    30
     0
    68
    11
     0
     0
     0
     7
     0
     6
     8
    14
     0
     0
     0
     0
    11
     0
     0
     0
     0
   258
     0
    10
    13
     9
    44
     0
     0
     0
     8
     0
    14
    12
     9
    33
     7
     0
     0
     0
     0
     0
     0
     0
     0
   121
    11
     9
    10
     0
    28
     8
     9
     0
     0
     0
    12
     0
     8
    25
     0
     0
     0
     0
     0
     0
     0
     0
     0
   190
     0
     0
     0
     0
    73
     8
     0
    10
    10
     7
    25
    15
    10
     6
     0
     8
     0
     0
     0
     0
     8
     0
    11
    81
   137
     0
    10
     8
     8
     8
    18
    42
    68
     0
     0
     7
    19
    33
    20
    10
     0
    10
     0
     0
     0
     0
    12
   119
    95
     0
     0
     7
     0
     9
    18
    24
    52
     0
     0
     0
     9
    16
    42
     8
    10
     0
     0
     0
     0
     8
     0
   197
     0
    17
     0
     0
    66
     0
    15
    10
     0
     0
     9
     9
    11
    28
     0
     0
     0
     0
     0
     0
     0
     0
     0
   195
     0
     0
     6
     0
    77
     0
     0
     8
     0
     0
    28
    10
    21
     0
     0
     0
     9
     0
     0
     0
     0
     0
     0
   162
     0
     0
     8
     0
    56
     0
    15
     0
    18
     0
    15
    32
    24
    21
     0
     0
     0
    10
     0
     0
     0
     0
     0
   167
     0
     0
     0
     0
    39
     0
     0
     8
     8
     0
    21
    25
    19
    32
     7
     0
     0
     0
     0
     0
     0
     0
     0
   158
     7
     0
     0
     0
    58
     0
     0
     0
     0
     0
     0
     0
    11
    10
     0
     0
     0
     0
     0
     0
     0
     0
     0
   100
    64
    17
    11
     0
    18
     0
     0
    36
    74
    13
     0
     0
    37
     7
     8
     0
     6
     0
     0
     0
     0
     0
     0
    88
    71
     9
     7
     9
    16
     0
     0
    37
    33
    10
     0
     7
    13
     9
    24
     0
     0
     9
     0
     0
     9
     0
     0
   112
     0
    21
     0
     9
    46
     0
     7
     0
    18
    15
    15
    32
     0
    33
     0
     0
     0
     7
     0
     0
     0
     0
     0
   189
    19
     0
     0
     0
    44
     0
     9
     0
     0
     0
    23
    16
    16
    25
     0
    20
     0
     0
     0
     0
     0
     0
     0
   171
     0
     0
     0
     7
    66
     9
     0
     0
     0
     7
    23
     6
    29
     0
     0
     0
     0
     0
     0
     0
    10
     0
     9
   152
     0
     7
     7
     0
    49
     6
    16
     0
     0
     0
     9
    12
    15
     8
     0
     0
     0
     0
     0
     0
     0
     0
     0
   138
     0
     7
     0
     9
    50
     0
    11
     0
     0
     0
     0
    11
    19
     0
     0
     0
    10
    11
     0
     0
     0
     0
     0
   112
    94
     0
     0
     0
     0
     0
    14
    46
    74
     0
     0
     0
    33
     6
    27
     0
     8
     0
     0
     0
     0
     6
     0
   116
    74
     0
     0
     0
     0
     0
    18
     8
    35
     6
     7
    21
     8
     9
    10
     0
     0
     0
     0
     0
     9
     0
     0
   237
     0
     0
     0
     0
    38
     0
     7
     0
     0
     0
    40
    16
    14
    10
     0
     0
     9
     0
     0
     0
     0
     0
     0
   178
    16
     0
    24
     0
    60
     0
     0
     8
     0
    10
     8
    33
    22
     0
     0
     0
     0
     0
     0
     0
     0
     0
     0
   137
     0
     0
     0
     8
    72
     9
     6
     0
     7
     9
    21
    53
    28
    19
     0
     0
     0
     0
     0
     0
     0
     0
     7
   177
     0
     0
     0
    20
    27
    11
     8
     0
     7
     0
    31
    20
    18
    17
    10
     0
     0
     0
     0
     0
     0
     0
     0
   176
     9
     0
    18
     0
    43
     7
     0
     0
     0
    11
    21
    15
     8
    14
     0
     0
    15
     0
     7
     0
     0
     8
     0
    66
    51
     9
     0
     0
     0
     0
     0
    85
    68
     0
    21
     0
     6
    11
    26
     8
    10
     0
     8
     0
     0
     7
     0
    71
    78
     0
     0
     6
    16
     8
     0
    64
    56
    25
     9
     0
    14
    19
    42
     0
     0
     0
     0
     0
     0
     0
     0
   192
     0
     0
     0
     0
    76
     7
     0
     0
     0
     0
     9
    28
    16
     6
     0
     0
     0
     0
     0
     0
     0
     0
     0
   200
     0
     0
     6
     0
    54
     0
     8
     0
     0
     0
     0
    31
    26
    17
     0
    12
     0
     0
     0
     0
     0
     0
     7
   115
    10
     0
     6
     0
    75
     0
     8
     0
     0
     0
    10
     9
    20
     8
     0
     0
     0
     0
     0
     0
     0
     0
     0
   176
     0
     0
    10
     0
    32
     0
     9
     0
     8
     7
    20
    26
    19
    14
     0
     0
     0
     0
     0
     0
     0
     0
     0
   157
     0
     0
     0
     0
    74
     0
    10
     6
     0
     0
    17
     0
     7
     0
     0
     8
     0
     0
     0
     0
     0
     0
     0
   116
    61
     0
     0
     0
     8
     8
     8
    45
    50
     8
     0
     0
    28
    26
     0
     9
     9
     7
     7
     0
     0
     0
     0
    71
   121
     0
    15
     0
     0
     0
     0
    69
    63
     0
     0
     0
     0
     6
     8
     0
     0
     0
     0
     0
     0
     0
     0
   152
    10
     0
     0
    16
    63
     0
     0
     0
     0
     0
    57
     0
    16
     6
     0
     0
     0
     8
     0
     0
     0
     0
     0
   132
     0
     0
     0
     0
    29
     0
     0
     0
     0
     8
    18
    26
    38
    16
     0
     7
     0
     0
     0
     0
     0
     0
     0
    91
     0
    10
     0
     0
    68
     0
     0
     0
     0
    11
    13
    20
     7
     8
     0
     0
     0
     0
     0
     0
     0
     0
     0
   116
     0
     8
     0
     0
    72
    11
     0
     9
     0
     8
     9
    15
    13
    19
     0
     0
     0
     0
     0
     0
     0
     0
     0
   239
     0
     0
     0
     9
    29
     0
     0
    10
     6
     7
    33
    32
    33
    27
     0
    11
     0
     0
    10
     0
     0
     0
     0
   120
   175
     9
     0
     0
    23
     0
     0
    25
    23
    18
    27
     0
    28
    18
     8
     0
     0
     0
     0
     0
     7
     0
     0
   134
    38
     6
     0
    20
     0
    17
     0
    32
    38
    18
     9
    16
    27
    23
     9
     0
     0
     0
     0
     0
     0
     0
     0
   191
    18
     7
     8
     8
    80
     0
     0
    10
     9
     0
    15
    17
    23
    25
     0
     0
     0
     0
     0
     0
     0
     0
    10
   147
     0
     7
     8
     0
    73
     9
     0
     0
     9
     0
    14
     6
    25
    15
     0
     0
     0
     0
     0
     0
     0
     0
     0
   143
     0
     0
     0
     0
    67
     0
    15
     0
     6
     8
     0
    18
    12
    39
     0
     6
     0
     0
     0
     0
     0
     0
    17
   195
     0
     0
     0
     0
    44
     0
     0
     0
     7
     0
    28
    17
    49
    16
     0
     0
     0
     0
     0
     0
     0
    16
     0
   184
     8
    10
     8
     0
    42
     0
     8
     0
     8
     0
    14
    23
    27
    24
     0
     0
     0
     0
     0
     0
     0
     0
     0
    99
    64
     0
     0
     0
     0
     0
     0
    15
    33
     0
     0
     8
    21
    27
    15
     0
     0
     0
     7
     0
     0
    17
     0
    23
   120
     0
     9
    12
    10
     9
    21
    36
    56
     0
     0
     0
     9
    38
     0
     0
     0
     7
     0
     0
     0
     0
     0
   152
     0
     0
    17
     9
     0
     0
     7
     0
     0
     0
    23
    34
    27
    18
     0
     0
     0
     0
     0
     0
     0
     8
     0
   170
     0
     8
     0
     7
    32
     0
     8
     0
     0
     8
     7
     0
    27
    19
     0
     0
     0
     0
     0
     0
     0
     0
     0
   174
     0
    10
     8
     0
    61
     8
    10
    14
     0
     0
     8
    35
    17
    17
     0
     0
     0
     9
     0
     0
     0
    10
     7
   143
     0
     0
    21
     0
    64
     0
     0
    25
     0
    21
    18
    17
     7
     8
     0
     0
     0
     7
     0
     0
     0
     0
     0
   177
     0
     0
     0
     8
    44
     9
     7
     7
     7
     0
    37
    33
     8
     0
     0
     0
     7
     0
     0
     8
     0
    15
     0
   127
    84
     0
     0
     0
     0
     0
     0
    30
    46
     7
     0
     0
    30
     8
    25
     9
    10
     0
     0
     9
     0
     0
     0
    88
   138
     0
    10
     0
     8
     0
     0
    66
    32
     0
     0
     0
    32
    17
    10
     0
     0
     0
     0
     7
     0
     0
     0
   145
     9
     7
    11
     7
    45
     0
     0
     0
     0
     7
     0
    17
     0
     9
     0
     0
    11
     0
     0
     0
     0
     0
     0
   154
     6
     0
     0
     9
    73
     0
     9
     0
     8
     0
    18
     8
    34
     8
     0
     0
     0
     0
     0
     0
     0
     0
     0
   190
    23
     0
     0
     0
    30
     9
    10
     8
    10
     0
     9
    33
    35
     0
     0
     0
     0
     0
     7
     0
     0
     0
     0
   157
     0
     0
     0
     0
    47
    15
     0
     7
     0
     7
    25
    19
    24
     0
     0
     0
     0
     0
     0
     0
     0
     0
     0
   150
     0
     8
     9
     0
    58
     0
     0
     0
     0
     0
     0
     0
    11
     8
     8
     0
     0
     0
     0
     0
     0
     9
     0
   113
   105
     7
     0
     6
     0
     7
     0
    84
    46
     0
     0
    10
     8
    16
    33
     0
     0
     0
     0
     0
     0
     0
     0
   123
    44
     0
     0
     0
     0
     0
     0
    47
    83
     0
    11
     0
    21
     0
    17
     0
     0
     0
     0
     0
     0
     0
     0
   119
    11
     7
     0
    19
    41
     0
     0
     9
     7
     0
    23
    17
     0
    20
     0
     0
     0
     0
     0
     0
     0
     0
     0
   167
    10
    18
     0
     0
    33
     0
     0
     8
    10
     6
     9
    12
    18
    10
     0
     0
     0
     8
     0
     0
     0
     0
    11
   176
     0
     6
     0
    11
    50
     7
     0
     0
     6
     0
    25
     9
    27
    10
     0
     0
     0
     0
     0
     0
     0
     0
     0
   172
     0
     0
     0
     0
    71
     9
    10
    19
     0
     0
     0
    19
    35
     7
    10
     0
     0
     0
     0
     0
     0
     0
     0
   184
     7
     8
     0
     8
    57
     9
     6
     0
     0
     0
    26
     9
     7
     0
     0
     0
     6
     0
     0
     0
     0
     0
     0
   157
   110
     8
     7
     0
     0
     0
     9
    33
    26
     0
    10
    17
    28
     0
    14
     0
     0
     0
     0
     0
     0
     0
     0
    87
    57
    12
     0
     7
     0
     0
    12
    28
    62
     7
     0
     9
    55
    16
     7
     0
     0
     0
     0
     0
     0
     0
     0
   149
     0
     6
     0
     0
    70
     7
     7
     0
     8
     0
     0
     0
    39
    24
     0
     0
     0
     0
     0
     0
     0
     6
     0
   223
     0
     6
     0
     0
    52
     0
     0
    18
     7
     0
    26
    30
    17
    20
     0
     0
     0
     0
     0
    11
     0
     0
     0
   210
     7
     7
     0
    15
    46
     0
     8
    11
     0
     0
    21
    26
     0
     8
     0
     0
     0
     0
     0
    10
     0
     0
     0
   157
     6
     0
     0
     9
    28
    17
     0
     0
     0
     0
     7
    18
     8
    18
     0
     8
     0
     0
     0
     0
     0
     0
     0
   114
     0
     0
    14
     6
    54
     0
     0
     0
    19
    16
    15
    33
     6
    16
     0
     6
     0
     0
     0
     0
     0
     0
     0
   132
   137
     7
    16
     0
     0
     0
    14
    36
    75
     0
     0
    21
     0
     7
    29
     0
     0
     0
     0
     0
     7
     0
     0
   110
    62
     0
     0
     0
     0
     0
     0
    24
    26
    10
    10
     6
     6
     9
    15
     0
     0
     0
     0
     7
     0
     0
     0
   142
     8
    16
     0
     0
    82
     9
     0
    11
     0
     0
    19
    14
    12
     0
     0
     0
     0
     0
     0
     0
     8
     0
     0
   176
     0
     0
     0
    14
    68
     0
     0
     0
    16
     6
     7
     0
    15
     0
     0
     0
     0
     0
     0
     9
     0
     0
     0
   226
     0
     0
     8
     0
    64
     0
    11
     0
     8
     0
    47
    18
    14
     7
     0
     7
     0
     0
     0
     0
     0
     0
     0
   169
     8
    10
    15
     0
    53
     0
     0
     9
     0
     9
     8
    39
     6
    37
    11
     0
     0
     0
     0
     0
     0
     0
     0
   154
     0
     8
     8
     0
    68
     0
     0
     0
     9
     0
    43
    23
     0
    20
     0
     0
     0
    10
     0
     0
     0
     0
     7
    86
    80
     6
     0
     0
    10
     7
     0
    16
    30
     0
    20
     0
    15
     9
    15
    10
     0
     0
    17
     0
     0
    16
     0
    64
    94
     0
    10
     9
    10
    20
     0
    30
    50
     0
     9
     0
    16
    19
     9
     0
     0
     0
     0
    15
     0
     0
     0
   111
     0
     0
     7
     0
    17
     0
     0
     0
     0
    10
     9
    27
     0
     8
     0
     0
     0
     0
     0
     0
     0
     0
     0
   139
     9
    15
     9
     0
    72
     8
     0
     0
     8
     0
    17
    28
    22
    19
     0
     0
     0
     0
     0
     0
     0
     0
     0
   127
     8
    17
    15
     0
    22
     0
     0
     0
     0
     0
     6
    17
    30
    20
     0
     0
     0
     0
     0
     0
     0
     0
     0
   141
     7
     0
     0
     0
     7
     8
     0
     0
     0
    16
     9
     6
     0
    25
     0
     0
     0
     0
     0
     0
     0
     0
     0
   144
     0
     6
     0
     0
    83
     0
     0
     7
     0
     9
    26
    17
    15
    24
     0
     0
     0
     0
     0
     0
     0
     0
     0
    90
   109
     0
     8
     0
     8
    20
     0
    38
    34
     0
     0
     7
     8
    19
     0
     7
     0
     0
     8
     8
     0
     0
     0
    79
   119
     0
     0
     9
    18
     0
     8
    24
    21
     6
     0
     8
    15
    27
    15
     0
     0
     0
     0
     0
     0
     0
     0
   145
     0
     0
    15
     0
    46
     9
     7
     9
     0
     0
    17
     0
     7
    10
     0
     0
     0
     0
     0
     0
     0
     0
    10
   183
     0
    15
     0
    10
    54
    10
     6
     0
     7
     9
     0
    27
    16
    33
     0
     0
     8
     0
     0
     0
     0
     0
     0
   102
     6
     6
     0
     0
    34
     0
     0
     0
     0
     8
     7
    24
    18
    28
     0
     0
     0
     0
     0
     0
     0
     0
     0
   119
     0
     0
     0
     8
    68
    11
     0
     7
     0
     0
     0
    10
    25
     9
     0
     0
     0
     0
     0
     0
     0
     0
     0
   147
     8
    19
     0
    19
    48
    13
     0
     0
     0
     0
    28
     0
    16
    15
     0
     0
     0
     0
     0
     0
     0
     0
     0
    31
   104
     9
     0
     6
     0
     7
     0
    18
    74
     7
     0
     8
    27
    15
    56
     0
    18
     0
     0
     0
    10
     8
     0
   122
   105
     0
     0
     0
    10
     0
     6
    44
    39
     0
     0
    11
     9
    10
    11
     0
     0
     0
     0
     0
     0
     0
     0
   173
    10
     9
     0
     0
    47
     7
     8
     0
     0
     0
    10
     9
    19
     7
     0
     0
     8
     0
     0
     0
     7
     0
     0
   144
     6
     0
    11
    12
    61
     0
     0
     0
     0
     0
    15
    26
    37
     7
     0
     0
     0
     0
     0
     8
     0
     0
     0
    90
     0
     0
     0
     0
    34
     0
     0
     0
     0
     0
     8
     0
    10
    16
     0
     0
     0
     0
     0
     0
     0
     0
     0
   181
     0
     0
     0
    11
    54
     0
     0
    15
     7
     0
     9
     9
     0
     0
     0
     0
     0
     0
     0
     0
     0
     0
     0
   163
     0
     7
    10
    10
    22
     0
     7
    10
    10
     0
     0
    19
    10
    21
     0
     0
     7
     0
     0
     0
     0
     0
     0
   104
    90
    14
     9
     8
     7
     0
     9
    42
    40
     6
     8
     0
    15
    20
    16
     0
     0
     7
     0
     0
     0
    10
     0
    78
    58
     0
     0
    18
     0
     0
     6
    17
    83
     8
     0
     0
     0
    16
    21
     0
     0
     0
     0
     0
     0
     0
     0
   137
    12
     0
     0
    10
    75
     0
     0
     6
     9
     0
    18
    52
    29
    14
     0
     0
     0
     9
     0
     0
     8
     0
     0
   149
     0
     9
     0
     0
    70
    10
     0
     7
     7
     0
    23
    18
    16
    34
     0
    10
     0
     0
     0
     0
     0
     0
     0
   131
     0
     0
     0
     0
    70
     7
     6
     0
     0
     0
     7
    19
     0
     8
     0
     0
     0
     0
     0
     0
     0
     0
     6
   176
     0
     0
     9
     0
    48
     0
     0
     0
     0
     8
    21
     8
     7
    28
     0
     0
     0
     0
     8
     0
     0
     0
     0
   114
     0
     0
     0
     0
    80
     0
     0
     7
     0
     6
     0
     0
     9
     0
     9
    10
     0
     0
     0
     0
     0
     0
     8
    41
    63
     0
    17
     0
     8
     6
     0
    39
    50
     0
     9
     8
    15
     8
     7
     0
     0
     0
     0
     0
     7
     0
     0
    49
    48
     8
     0
     0
     0
     0
     0
    49
    69
    10
     0
     9
    15
     0
    33
     0
     0
     0
     0
     0
     0
     0
     0
   163
     0
     0
     0
    11
    71
     0
     0
     6
     7
    12
     9
     8
     0
     0
     0
     0
     0
     0
     0
     0
     0
     0
     0
   160
     8
     0
    11
     0
    54
     0
    23
     0
     0
     0
     0
     7
    15
    17
     0
     0
     0
     0
     0
     0
     0
     0
     0
   129
     0
     0
    11
     0
    42
     8
    11
     0
     0
     0
    11
     7
    28
     9
     8
     0
     9
     0
     0
     0
     0
     0
     0
   145
     0
     0
     6
     0
    15
     0
     0
     0
    16
    15
    17
     0
     0
    10
     0
     0
     0
     0
     0
     0
     0
     0
     0
   179
     0
     0
     0
     9
    51
     0
     0
     0
     0
     0
     6
    16
     0
    11
     0
     0
     0
     0
     7
     0
     0
     0
     0
    96
    59
     0
     8
     0
     0
     0
     9
    27
    42
     0
     8
     0
    35
    18
    17
     0
    10
     0
     0
     0
     0
     0
     0
    58
    97
     6
    10
     0
     0
     0
     7
    51
    32
     0
     0
     8
    17
     0
    39
     0
     0
     0
     0
     6
     0
     0
     0
   148
     9
    10
     0
     0
    64
    12
     0
     0
     6
     0
    35
    33
     0
    32
     9
     0
     0
     0
     0
     0
     0
     0
     0
   215
     0
    17
    17
     0
    23
     8
     0
     0
     0
     0
    36
     6
     7
     9
     0
     0
     0
     0
     0
     0
     0
     0
     0
   126
    15
     0
     0
     0
    23
     0
     0
    16
    13
     0
     7
    29
     7
     6
     0
     0
     0
     0
     0
     0
     0
     0
     0
    86
     7
     6
     0
     6
    42
     0
     6
     0
     0
     0
     9
     8
    31
    24
     0
     0
     0
     0
     0
     0
     0
     0
     0
   122
     0
     0
     7
     0
    40
     0
     8
    17
     0
     0
    22
    23
    16
     8
     0
    11
     0
     0
     0
     0
     0
     0
     0
    19
    69
     0
     0
     0
     0
    12
     0
    34
    33
     0
     0
     0
    30
    15
     9
     0
     0
     0
     0
     0
     6
     8
     0
    56
   100
    13
     0
    12
     0
     0
     9
    23
    64
     7
     0
     0
     8
    33
    12
     0
     0
     0
     0
     0
     0
     0
     0
    97
     8
     8
     6
     0
    20
     0
     0
     7
     0
    11
    18
    25
    12
    25
     0
     0
     0
     8
     0
     0
     0
     8
     0
   168
     9
     0
     0
     0
    26
     6
     0
     9
     0
     0
     8
    42
    13
    29
     0
     0
     0
     0
     0
     0
     0
     0
     0
   179
     6
     0
     0
     6
    43
     8
     0
     8
     0
     0
    27
    16
     0
    34
     0
     0
     0
     0
     0
     0
     0
     0
     0
   113
     0
     0
     0
     0
    39
     0
     0
     0
     0
    10
    16
     9
    26
    40
     0
     0
     0
     0
     0
     0
     0
     0
     0
   137
     0
     0
     8
     0
    28
     6
     0
     9
     0
     7
    18
    15
     9
    17
     0
     0
     0
     7
     0
     0
     7
     0
     0
    48
   128
     0
     0
    10
     0
     0
     8
    86
    30
     0
     9
     0
    31
    13
    10
     0
     0
     0
     0
     0
     0
     0
     9
    97
    97
     0
     0
     0
     0
     7
     0
     0
    37
     0
     0
     0
     9
    28
    27
     0
     8
     0
     0
     0
     0
     0
     0
   159
     0
     0
     0
    10
    61
     0
     0
     0
     0
     0
     0
    20
    15
    27
     0
     7
     0
     0
     0
     0
    12
     0
     0
   168
     0
     0
     7
     0
    41
     0
     0
     6
     7
     0
    11
    27
    16
    17
     0
     0
     8
    10
     0
     0
     0
     0
     0
   176
     9
     0
     0
     0
    42
     0
     0
     0
     0
     0
     6
     0
    18
     0
     0
     0
     0
     0
     0
     0
     0
     0
     0
    95
     0
     0
     0
     0
    23
    11
     0
     0
     0
     0
    10
    19
    35
     0
     0
     0
     0
     0
     0
     0
     0
     0
     0
   127
     8
     0
     0
     0
    17
     8
     0
     0
    21
     0
    17
    39
    36
    21
     0
     0
     0
     0
     0
     0
     0
     0
     0
    88
    64
     0
     0
     0
     0
     0
     0
    61
    50
     0
     0
     0
     9
    20
    33
     0
     0
     0
     0
     0
     0
     0
     0
    92
    34
     9
     0
     8
     0
     8
     0
    51
    36
     0
     0
     0
    17
    19
    19
     6
     0
     0
     0
    11
     0
     0
     0
   141
     0
    14
     0
    11
    40
     0
     8
     7
     0
     0
     8
     8
    26
     8
     0
     0
     0
     0
     0
     0
     0
     0
     9
   148
     0
     0
     0
     0
    67
     8
     0
    15
     0
     0
    16
    24
    50
    18
     0
     0
     0
     0
     0
     0
     0
     0
     0
   151
     0
     0
     0
     0
    52
     0
     0
     0
    11
    15
    10
    31
     0
    14
     0
     0
     0
     0
     0
     0
     9
     0
     0
   164
     0
     0
     0
     8
    36
     0
     0
     0
     0
     0
    11
    22
    12
     6
     0
     0
     6
     0
    10
     0
     0
     0
     0
   135
     0
     0
    10
     0
    35
     0
     0
     0
     8
     0
    18
     8
    15
     8
     0
     9
     6
     0
     0
     0
     0
     8
     0
    68
    95
     0
     0
     0
    10
     9
     8
    44
    35
     0
     0
     0
     0
     0
     6
     0
     0
     0
     0
     8
     0
     0
     8
    30
    83
     0
     8
     0
     0
     0
     0
    37
    49
    15
     0
     6
    35
    14
    18
     0
     0
     0
     0
     0
     0
     0
     0
   122
     9
     0
    10
    10
    65
     0
     0
     9
     0
     0
    16
    10
     0
     0
     0
     0
     0
     0
     9
     0
     9
     0
     0
   107
     9
     0
     0
     0
    24
    14
     0
     0
     0
     0
     0
     9
    18
     7
     0
     0
     0
     0
     0
     0
     0
     8
     8
    93
     7
     0
     9
     0
    72
     0
     0
     0
    10
     9
    18
    20
     8
     0
     0
     0
     0
     0
     0
     0
     0
     0
     0
   134
     0
     0
     0
     8
    33
     0
     0
     0
     0
    16
    11
    49
     0
    19
     0
     0
     7
     0
     0
     0
     0
     0
     0
   160
     6
     7
     7
    10
    46
     0
     0
     0
     0
     0
     9
     0
     8
     9
     0
     0
     0
     8
     0
     0
     0
     0
     0
    62
   100
     0
     0
     0
    11
     0
     0
    23
    17
     0
     0
     0
    13
    12
    19
     0
     0
     0
     0
     0
     0
     0
     0
    56
   100
     0
     0
     9
    12
     8
     0
    23
    32
     0
     9
     0
    22
     8
     0
     0
     0
     0
     0
     0
     0
     0
     0
   166
    15
     0
     0
     7
    45
     0
     8
     0
     0
     0
     9
     6
    10
    16
     0
     0
     0
     0
     0
     0
     8
     0
     0
   133
     0
     0
     0
     0
    52
     6
     0
     0
     8
     0
     9
    17
     6
     0
     0
     8
     0
     0
    11
     0
     0
     0
     0
   157
     0
     0
     0
     0
    54
     0
     0
     0
     0
     8
    12
    25
    25
    21
     0
     0
     0
     0
     0
     0
     0
     0
     0
   125
     0
     0
     0
    18
    40
    11
     0
     0
     0
     0
    27
    11
     0
    19
     0
     0
     0
     7
     0
     0
     9
     0
     0
   114
     0
     0
     0
     0
    18
     0
     8
     0
     0
     0
     7
    20
     0
    11
     0
     0
     0
     0
     0
     0
     0
     0
     0
    79
    67
    10
     7
     7
     6
     0
     0
    35
    45
     8
     0
     0
    34
    17
    19
     0
     6
     0
     0
     0
     0
    11
     0
    73
    60
     0
     0
     6
    20
     0
     0
    46
    23
    15
    20
     0
    16
    22
    25
     0
     0
     6
     0
     0
     0
     0
     0
   212
     0
    10
     0
     6
    61
     9
     0
     0
     0
     0
    15
    11
    19
     0
     0
     0
     0
     0
     0
     0
     0
     0
     0
   168
     0
     0
     0
     0
    21
     0
     0
    11
     0
     0
    18
     0
    16
     9
     0
     0
     6
     0
     0
     0
     0
     0
     0
    95
     0
     0
     9
     9
    28
     0
     6
     0
     9
     0
     6
    15
    15
    23
     0
     9
     0
     0
     0
     0
     0
     0
     0
   119
     7
    11
     6
     0
    32
    11
     0
     0
    10
    11
    43
    23
     8
    16
     0
     0
     0
     0
     0
     0
     0
     0
     0
   137
     0
     0
     9
     7
    30
     0
     0
     0
    10
     9
    18
     8
     7
    13
     0
     0
     6
     0
     0
    12
     0
     7
     0
    44
    73
     0
     0
     9
     0
     0
     0
    40
    32
     8
     0
     0
    37
     6
     6
     0
     0
     0
     7
     0
     9
     0
    11
    94
    81
    15
     0
    16
    10
     7
     0
    25
    55
     0
     0
     8
    40
    16
    18
     0
     0
     0
     0
     0
     0
     0
     0
   164
     8
     7
     0
     0
    34
     0
     6
    10
     0
     0
     0
     0
    22
    18
     0
     0
     0
     0
     0
     0
     0
     0
     0
   130
     8
     0
     8
     0
    23
     0
     0
     7
     0
     0
     8
    15
     0
     7
     0
     0
     0
     0
     0
     0
     0
     0
     8
   191
     0
     0
     0
     0
    27
     7
     0
     0
     8
     0
    10
    34
    35
    17
     0
     0
     0
     0
     0
     0
     0
     0
     0
    78
     0
     0
    10
     6
    48
     0
     0
    16
    17
     0
     0
     0
     6
    10
     0
     0
     0
     0
     0
     0
     0
     0
     0
   110
     0
     0
     0
    25
    24
     0
     0
     0
     0
    10
     8
     6
    34
    17
     0
     0
     0
    11
     0
     0
     0
     0
     0
    91
    50
     8
    16
     7
     6
    12
     0
    18
    54
     7
     0
     9
    31
    23
    14
     0
     0
     0
     9
     0
     9
     0
     0
    92
   128
     0
     0
     0
     9
     0
     0
    14
    44
     0
     0
     8
    37
    37
     7
     0
     0
     0
     0
     0
     0
     0
     0
   165
     0
     9
     0
     0
    19
     0
     0
     8
     0
     7
    21
    19
     9
    47
     0
     0
     0
     0
     0
     0
     0
     0
     0
   179
    10
     6
     0
     0
    28
     0
     0
     7
     0
     0
    12
     0
     6
     0
     0
     0
     0
     0
     0
     0
     0
     0
     0
   195
     0
     9
     0
     0
    31
    11
     0
    11
     0
     0
    16
     0
    34
     9
     0
    10
     0
     0
     0
     0
     0
     0
     0
   130
     0
     0
     0
     0
    35
     0
     0
     0
     0
     0
    17
     9
     0
    14
     0
     0
     0
     0
     0
     0
     0
     0
     0
   104
    10
     0
     8
     0
    24
    10
     0
     0
     8
     8
    29
    24
     6
     6
     0
     0
    10
     0
     0
     0
     0
     0
    19
    72
    72
     0
     0
     0
     0
     0
     0
    17
    31
     0
     0
    10
    14
    24
     0
     0
     0
     0
     0
     0
    16
     0
     0
    73
   153
    17
     0
     0
     0
     9
     0
    32
    23
     0
     6
    27
    37
    17
     8
     0
     0
     0
     0
     0
     0
     0
     0
   170
     6
     0
     0
    18
    34
     8
     0
     0
     0
     8
    25
    17
    14
    19
     0
     0
     0
     0
     0
     0
     0
     0
     0
   208
     0
    10
     0
     0
    36
    18
    17
     0
     0
    12
    17
    30
     7
     0
     0
     0
     0
     0
     0
     0
     0
     0
     0
   140
     6
     6
     0
     0
    31
     0
     0
     0
     0
     0
    11
     6
    13
     8
     0
     0
     0
     0
     0
     0
     0
     0
     0
   166
    16
     9
     6
     0
    30
     0
     0
     8
     0
     8
     9
    22
     8
     6
     0
     0
     0
     0
     0
     0
     0
     0
     0
   110
     0
     0
    10
     0
    19
     8
     0
     0
     0
     0
    18
     0
    30
    11
     0
     0
     0
     0
     0
     0
     0
     0
     0
    74
    94
     0
     0
    23
     0
    18
     0
    33
    19
     8
    10
     0
    35
    30
     9
     0
     0
     0
     0
     0
     0
     0
     0
   125
    96
     0
     0
     0
     0
    11
     0
    50
    41
     0
     0
    16
    34
     9
    11
     0
     0
     0
     0
     0
     0
     0
     0
   138
     8
     0
     0
     7
    43
     0
     7
     6
     0
     9
     0
    25
     9
     8
     0
     0
     0
     0
     0
     0
     0
     0
     0
    80
     0
     0
     0
     0
    52
     0
     0
     0
     0
    19
    33
     9
    13
     0
     0
     0
     0
     0
     0
     0
     0
     0
     0
   121
    18
     0
     0
     0
    73
     6
     9
     6
     0
     9
     7
    32
    19
     0
     9
     9
     0
     0
     0
     0
     0
     0
     0
   128
     0
     9
     0
     0
    43
     8
     0
     0
     0
     0
     9
     0
     8
     0
     0
     0
     0
     0
     0
     0
     0
     0
     0
   118
     0
     7
     0
     0
    62
     0
     0
     8
     8
     0
    15
     0
    18
    18
     0
     0
     0
     0
     7
     7
     0
     0
     0
    81
   169
     0
     0
     0
     0
    20
     0
    49
    24
     8
     0
     0
    27
    19
    10
     0
     0
     6
     0
     0
     0
     0
     0
    80
    61
    27
     0
     7
     9
     0
     7
    26
    52
     9
     0
     0
    16
    27
     8
     0
     0
     0
     0
     0
     0
     0
     0
   124
     0
     7
     0
     0
    43
     7
     9
     8
     0
     8
    13
     8
     7
    16
     0
     0
     0
     0
     0
    18
     0
     0
     9
   119
     8
     0
     0
     0
    83
     0
     0
     0
     0
     0
     9
    25
    16
    23
     0
     0
     0
     7
     0
     0
     0
     0
     9
   133
     0
     0
     6
     7
    23
     0
     0
     0
     0
     0
     7
     0
    18
     0
     0
     0
     0
     0
     0
     0
     0
     0
     0
   135
    11
     0
    17
     0
    38
     0
     0
     0
     6
    18
    27
     0
    16
    15
     0
     0
     0
     0
     0
     0
     0
     0
     0
   117
    12
     0
     0
    11
    35
     0
     0
     0
     0
     0
    25
     0
     0
     7
     0
     0
     0
     0
     0
     0
     0
     0
     0
    92
    91
     0
     0
     0
     8
     7
    28
    56
    88
     0
     0
     7
     7
    43
    26
     0
     0
     0
     0
     0
     0
     0
     0
    69
    88
     0
     0
     0
     0
     9
     8
    15
    35
    17
     0
     0
    27
    12
    30
     0
     0
     0
     0
     8
     0
     0
     0
   156
     8
    23
     0
     0
    35
     0
     0
     0
     0
    10
    27
    28
     7
     0
     0
     0
     0
     0
     0
     0
     0
     0
     0
   150
    15
     0
     6
     9
    17
     0
    15
     7
     0
     9
     7
     0
    19
    33
     0
     0
     0
     8
     0
     0
    10
    11
     0
   119
     0
     0
     8
     0
    37
     0
     8
     0
    28
     0
    23
    23
    21
     0
     9
     0
     0
     0
     0
     0
     0
     0
     0
   129
     9
     7
    14
    11
    41
     0
     0
    20
     0
     0
     0
     8
     9
     0
     0
     0
     0
     0
     0
     0
     0
     0
     0
   159
     0
     0
     6
     0
    41
     8
     0
    18
     0
     9
     0
    17
     0
    17
     0
     0
     0
     0
     0
     0
     6
     0
     0
    95
    50
     0
     6
     0
    11
     6
     0
    45
    38
     0
     9
     0
    16
    17
     0
     0
     0
     0
     0
     9
     0
     0
     0
    69
   115
     0
     8
    10
     0
     6
     9
    48
    25
     0
     0
    10
    18
    26
     0
     0
     0
     0
     0
     0
     0
     0
     0
   115
     0
     0
     0
     0
    62
     0
     6
     0
     0
     0
    18
    10
    11
     8
     0
     0
     0
     0
     0
     0
     9
     0
     0
    98
     0
     0
     0
     0
    74
     0
     0
     0
     6
     0
     7
     7
    22
    24
     0
     0
    12
     0
     0
     0
     0
     0
     0
   180
     0
     0
     9
     0
    39
     0
     9
     0
     0
     0
     6
    45
    50
     0
     0
     0
     8
    10
     0
     9
     7
     0
     0
   171
     0
     0
     0
    12
   105
    15
     0
     0
     0
     9
    10
     9
     0
    12
     0
     0
     0
     0
     0
     0
     0
     0
     0
   148
    12
     7
     0
    21
    49
    12
     0
     0
     0
     0
    30
     7
    13
     0
     0
     0
     0
     0
     0
     0
    10
     0
     0
    85
    55
     0
     8
     0
     6
     0
    12
    24
   114
    19
     0
     8
    17
    14
     9
     0
     0
     0
     0
     0
    11
     0
     0
   127
    55
    10
     0
     8
    14
     6
     0
    87
    28
     8
     0
     0
     8
     9
    33
     0
     0
     0
     0
     0
     0
     0
    11
   112
     0
     0
     9
    10
    23
     0
    11
    28
     8
     0
    25
    14
    17
     0
     0
     0
     0
     0
     0
     0
     0
     0
     0
   179
    14
     0
     0
     9
    52
     0
    24
     0
     9
     0
    18
    17
     0
    23
     0
     0
     0
     0
     0
    16
    11
     0
    10
   177
     0
     0
     0
     8
    42
     0
     7
     8
     0
     0
    31
     0
     9
     6
     0
     0
     0
     9
     0
     0
     0
     0
     0
   160
     6
     6
     0
     0
    57
     0
     7
     0
    10
     9
    26
    12
    17
     9
     0
     0
     0
     0
     0
     0
     0
     0
     0
   105
     0
     0
     0
     0
    30
     0
     7
     6
     0
     8
     0
    15
     0
     0
     0
     0
     0
     0
     6
     0
     0
     0
     0
    76
    51
     0
     0
     9
     0
     0
     0
    85
    47
     0
     9
     0
    38
     7
    15
     0
     0
     0
     0
     0
     0
     0
     0
   104
    80
     0
    17
     0
     0
     0
     0
    46
     8
     0
     0
    22
    17
    10
     7
     0
     0
     0
     0
     0
     0
     0
     0
    78
     0
     9
     0
     0
    98
     0
     0
     0
     9
     0
    32
    19
    27
    18
     0
     0
     0
     0
     0
     0
     0
     0
     0
   159
     0
     0
     0
     6
    82
     0
     0
     9
     0
    12
     0
     9
    28
    14
     0
     0
     0
     8
     0
     0
    11
     0
     0
   122
     6
    15
     0
     0
    38
     9
     0
     6
    10
     0
    19
    10
     7
    25
     0
     0
     0
     0
     0
     0
     0
     0
     0
   215
     8
     9
     0
     0
    10
     0
    19
     0
    16
     0
     9
    11
    10
    25
     0
     0
     0
     0
     0
     0
     0
     7
     0
   134
     9
     0
     0
     8
    48
     0
     0
     7
     0
     7
    14
    22
     8
     8
     0
     0
     0
     8
     0
     0
     0
     0
     0
    46
    74
     0
     0
     0
     0
     0
     7
    38
    33
     8
     0
     0
    24
    26
     0
    10
     0
     0
     0
    22
     0
     0
     0
    65
    76
     0
     0
     0
    10
     0
     0
    24
    16
     0
     0
     7
    14
    32
    21
    10
     0
     0
     0
     0
     0
     0
     0
   176
     6
     0
     0
     9
    66
     0
     0
     0
     0
     0
    54
     7
    17
    15
     0
     0
     0
     0
     0
     0
     0
     0
     0
   126
     7
     0
     8
    11
    25
     0
     0
     0
     0
     0
    31
    19
     6
    18
     0
     0
     0
     8
     0
     0
     0
     0
     0
   150
    13
     0
     0
     0
    52
     7
    10
    11
     9
    11
     7
    22
    14
    12
     0
     0
     0
     0
     0
     0
     0
     0
     0
   141
     0
     0
     0
     0
    44
     0
     0
     8
     0
     8
     0
     0
    10
    15
     0
     0
     0
    10
     0
     0
     0
     0
     0
   207
     0
     0
     0
     7
    32
     0
     0
     0
    10
     0
     7
    13
    26
     8
     0
     0
     0
     0
     0
     6
     0
     0
     0
    83
   105
     9
     6
     0
     0
     9
     0
    49
    13
     8
    12
     0
     7
     0
     7
     0
     0
     0
     0
     0
     8
     0
     0
   135
   116
     0
    16
     8
     0
     7
     0
    47
    37
     9
     0
     0
     0
    35
     7
     0
     0
     0
     0
     0
     0
     7
     0
   158
     0
     9
     0
     0
    35
    25
     0
    16
     7
     0
    23
    48
    25
     9
     0
     0
     0
     0
     0
    11
     0
     0
     0
   173
     0
    24
     9
     8
    44
     0
    18
     0
     0
     0
     9
     0
    15
    12
     0
     0
     0
     0
     0
     0
     0
     0
     0
   123
     0
     0
     0
     7
    36
     0
     7
     0
     0
     0
     9
    27
    13
    18
     0
     0
     0
     0
     0
     0
     0
     0
     0
   151
    10
     8
     0
    10
    40
     0
     0
     0
     0
     0
     0
     9
     8
     7
     0
     0
     0
     0
     0
     0
     0
     0
     0
   228
     0
    12
     0
     0
    62
     0
     0
    10
     0
     6
    27
    15
    25
     0
     0
     0
     0
     0
     0
     0
     9
     6
    11
   101
    67
     0
     0
    10
     0
     0
     0
    62
    70
     0
     0
     8
    24
    21
     7
     0
     0
     0
     0
     8
     0
     0
     0
    52
    96
     0
     0
    15
    15
     0
     9
    31
    70
     0
     0
     6
    50
    14
    13
     0
     0
     0
     0
     0
     0
     0
     0
   121
     0
     0
     0
     0
    64
     0
     0
     0
     0
     6
     9
    14
     0
     8
     0
     0
     0
     0
     0
     0
     0
     0
     0
   254
    27
     0
     9
     0
    43
     0
     0
     8
     8
     7
     8
     9
     9
     0
     0
     0
     0
     0
     0
     8
     0
     0
     0
   163
     7
    10
    13
     0
    56
     0
     0
     0
     6
     7
    18
    35
    33
    25
     0
     0
     0
     0
     0
     0
     0
     0
     0
   179
     0
     7
    18
     0
    26
     0
     9
     0
     0
     6
    28
    17
    16
     9
     0
     0
     0
     0
     0
     0
     0
     0
     0
   121
     0
     0
     9
     0
    31
     0
     0
     0
     8
     6
     6
    19
    10
    16
     0
    15
     6
     0
     0
     0
     0
     0
     0
    72
    53
     0
     8
     0
     0
     0
     9
    31
    28
     0
     0
    18
    38
     0
    26
     0
     8
     0
     0
    11
     0
     0
     7
    92
    64
     0
     0
     0
     0
    16
     7
    25
    54
     0
    10
     7
    26
    16
    21
     0
     0
     0
     0
     0
     0
     0
     0
   202
    10
     0
     0
     0
    78
    30
     6
    14
     0
    16
     0
    27
    21
     0
     0
     0
     0
     0
     0
     0
     0
     0
     0
   206
     0
     9
     9
    10
    17
     8
     0
     0
     0
     0
    17
    15
    27
     9
     0
    10
     0
     0
     0
     0
     0
     0
     0
   138
     0
     7
     0
     6
    54
    12
     0
    10
     0
    17
    20
    22
     9
     8
     0
     0
     0
     0
     0
     0
     0
     0
     0
   176
     0
     0
     0
     0
    51
     0
     0
     0
     0
     0
    20
    13
    11
    22
     8
     0
     0
     0
     0
     0
     0
     0
     8
   165
     0
     0
     0
     7
    36
     8
     7
     0
    10
    11
     0
    18
     0
     9
     0
     0
     9
     8
    15
     9
     0
     0
    15
    75
   111
     0
     8
     0
     0
     0
     0
    15
    93
     0
    18
     0
     0
     0
    17
     0
     0
     0
     0
     0
     0
     0
     9
    96
    42
     0
     0
     8
     0
     0
     0
    60
    45
     8
     9
     0
     0
     0
    18
     0
     0
     0
     0
     0
     0
     0
     0
   179
    10
     7
     0
     0
    32
     0
     0
     7
     0
     8
    22
    17
    15
    14
     0
     0
     0
     0
     0
     0
     0
     0
     0
   130
     0
    19
     0
     8
    71
     6
     0
     0
    17
     0
     0
    15
    18
     9
     0
     0
     0
     0
     0
     0
     0
     0
     0
   163
    14
     7
     0
     7
    74
     0
     8
     0
     0
     0
    18
    19
    20
     8
     0
     0
     0
     0
     0
     0
     0
     0
     0
   120
     9
     0
     9
     0
    24
     0
     9
     0
    10
     0
     7
    20
    10
    30
     0
     0
     0
     0
     0
     0
     0
     0
     0
   110
     8
     7
     0
     0
    32
     0
     7
     0
     0
     7
    45
     8
     0
    18
     0
     8
    15
     0
     0
     0
     0
     0
     9
    72
   106
     9
     0
     0
     7
    19
     0
    66
     0
     0
     0
     0
    34
    21
    10
     9
     0
     0
     7
     0
     8
     0
     7
   119
    81
     0
     8
     0
    15
     8
     0
    64
    51
     8
     0
     7
     7
    12
     0
     0
     0
     0
     0
     0
     0
     0
     0
   192
     0
     0
    16
     0
    74
     0
     7
    12
    10
     0
    15
    15
    20
    14
     0
     0
     0
     0
     0
     0
     0
     0
     0
   176
     0
     0
     6
     0
    32
     0
     0
     0
     0
     7
     0
    15
     7
    31
     0
     0
     0
     0
     0
     8
     0
     0
     0
   188
     0
     0
     0
     0
    68
     0
     0
     0
     0
     0
     7
    21
    28
    14
     0
     6
     0
     0
    11
     0
     0
     0
     0
   160
     0
     0
     0
     0
    35
     8
    17
     6
     0
     0
     0
     0
    29
     6
     0
    12
     0
     6
     0
     0
     0
     0
     0
   142
     7
     0
    19
     0
    90
     0
     8
    11
     0
    11
     0
    17
    22
    36
     0
     0
     0
     0
     0
     0
     0
     6
     0
   101
    72
     7
     0
    11
    10
     0
     0
    98
    55
    19
     8
     0
     8
    15
    19
     0
     0
     0
     0
     0
     0
     0
     0
    61
   107
     7
     7
     6
     9
     0
     6
    49
    40
     0
     0
    15
     9
     8
    27
     0
     7
     0
     0
     0
     0
     0
     0
   153
    16
     0
    19
    23
    43
     0
     0
     0
     0
     6
     0
     0
    23
     8
     0
     0
     0
     0
     0
     0
     0
     0
     0
   196
     8
     0
     0
     0
    20
     0
     0
     0
     8
     0
    47
     0
    10
    44
     0
     0
     0
     0
    10
     6
     0
     0
     0
   156
    11
     0
    10
     7
    77
     0
     0
     0
     0
     0
     7
    22
    18
    10
     0
     0
     0
     0
     0
     0
     0
     0
     0
   175
     0
    17
     0
     0
    52
    10
     9
     0
    17
     0
     0
    39
    16
     6
     0
     0
     0
     0
     9
     0
     0
     0
     0
    75
     9
     0
     0
     8
    35
     0
     0
    20
     0
     0
    27
    15
     7
    14
     0
     0
     8
     0
    10
     6
     0
     0
     9
    95
    79
     9
     6
     0
     0
    15
     0
    36
    70
    27
     0
     0
    14
    16
    23
     0
     0
     0
     0
     0
    11
     0
     0
    80
    81
     0
     8
     0
     9
     9
     0
    29
    34
     8
     8
     0
    16
    19
    18
    10
     0
     0
     0
    18
     0
     6
     0
   122
     0
     0
     0
    12
    29
    18
    12
     0
     0
     0
     8
    12
     7
     9
     0
     0
     0
     0
     0
     0
     0
     0
     7
   129
     0
     0
     0
     0
    35
     0
     0
     0
    19
     0
    28
    34
    20
    30
     0
     8
     0
     0
     0
     0
     0
     0
     0
   162
     0
     0
     0
     0
    83
     0
     8
     7
     0
     0
    17
    12
    11
    27
     0
     0
     0
     0
     0
     0
     9
    21
     0
   165
     0
     8
    15
     8
    43
     8
     0
     0
     0
     0
    28
    22
     0
     0
     0
     0
     0
     0
     0
     0
     0
     7
     0
   180
     0
    10
     0
     0
    83
     0
     8
     0
     9
     0
    16
     6
     8
     8
     0
    21
     0
    11
     0
     0
     0
     0
     7
    62
   125
     9
     0
     0
    10
     0
     8
    38
    26
     0
     9
     0
    23
    30
     0
     0
     0
     0
     0
     6
     0
     0
     0
   117
    80
     0
     0
     0
    29
    17
     7
    30
    37
     0
     7
    11
    14
     9
     8
     0
     0
     0
     0
     0
     0
     0
     0
   198
     6
     0
     0
     0
    33
     0
     8
     7
     0
    11
    26
     9
     0
     0
     0
    12
     0
     0
     0
     0
     0
     0
     0
   151
    15
     0
     0
     8
    42
     0
     0
     8
     0
    12
    14
     7
     7
    24
     8
     0
     0
     0
     0
     0
     0
     0
     0
   176
     9
     0
     0
     9
    86
     9
     0
     0
     9
     0
    14
    33
     8
     0
     0
     0
     0
     0
     0
     0
     0
     0
     0
    84
     0
     0
     0
     8
    41
     7
     6
     0
     0
     7
    15
     0
    19
     6
     0
     0
     0
     0
     0
     0
     0
     0
     0
   168
     0
     0
     0
    15
    34
     0
     0
     0
     0
     8
    35
    29
     0
    44
     0
     0
     9
     0
     0
     8
     0
     0
     0
    85
    67
     0
     6
     9
     7
     0
    11
    51
    20
     0
     0
     0
    32
    40
    13
     0
     0
     6
     0
     0
     0
     0
     0
    53
    50
     0
     0
     0
     0
     7
    18
    50
    61
     0
     6
     6
     7
    41
     0
     0
     0
     7
     0
     0
    10
     0
     0
   140
     0
     0
    22
     0
    59
    21
     0
     0
     6
    11
     0
     8
     6
     9
     0
     0
