     0
     0
     0
     0
     8
     0
     0
   349
    18
     0
     0
    30
   134
     7
    17
     0
    16
    14
    32
    33
     6
    28
    11
     0
     0
     0
     0
     0
     0
     0
     0
   382
    10
     0
     9
     0
    73
     0
     0
     0
     6
     8
    24
    46
    41
    39
     0
     0
     0
     0
     0
     0
     0
     0
     8
   259
     9
     8
     9
    12
   101
     0
    15
     0
     0
     6
    33
    23
    15
    51
     0
     0
     0
     0
     0
     0
     0
     0
     0
   262
     7
     6
    14
     0
    93
    19
     0
     0
    23
    18
    36
    24
    37
    16
     0
     0
     0
     0
    15
     0
     0
     0
     0
   336
     8
     0
    10
    12
   123
    16
     0
     8
     7
    11
    19
    27
    45
    37
     0
     0
     0
     0
     0
     0
     6
     0
     7
   175
   207
     6
     7
    16
    19
    16
     0
    57
   147
     8
     0
    13
    28
    52
    90
     0
    13
    10
     6
    10
     0
    11
    15
   119
   108
     0
     0
     7
    15
     0
     9
    85
   125
     9
     0
     0
    38
    36
    49
     0
     0
     0
     0
     0
     0
     0
     0
   254
     0
     0
     0
     9
    85
    29
    10
    31
     0
     6
    22
    15
    14
    25
     0
     0
     0
     6
     9
     0
     0
    11
     0
   349
     8
    10
     0
     0
    98
     0
     8
    13
     6
     0
    18
    22
    42
    36
     0
     0
     0
     0
     0
     0
     0
     0
     0
   331
     0
     6
     0
     0
    65
     7
     0
    13
     8
    28
    55
    27
    20
    34
     0
     0
     0
     0
     0
     7
     0
     9
     0
   329
     9
    15
    10
     0
    90
     9
     0
     6
     0
     8
    45
    46
    15
    42
     0
     0
     0
     0
     0
     0
     0
     0
     0
   267
     0
     0
     0
     0
    74
     7
     0
    16
     0
     0
    58
    16
    32
    30
     0
     0
     0
     0
     0
     0
     0
     0
     8
   168
   206
    13
     0
     7
    16
     8
    10
   117
    57
     0
     8
     8
    29
    18
    23
     0
     0
     8
     0
     0
     9
     0
     0
   132
   238
     8
    15
    20
    17
     7
     0
   133
    93
    17
     0
     0
    27
    56
    35
     0
     0
     0
     0
     0
     0
     0
     0
   330
    19
    14
     0
     9
    72
     0
    39
     0
    25
    17
    52
    46
     0
    42
     0
     0
     0
    16
     7
     0
     0
     0
     7
   267
     7
     0
     0
     0
   113
     9
     0
     0
     8
    22
    23
    35
    15
    35
     0
     0
     0
     0
     0
     0
     0
     0
     0
   241
    20
     0
     7
     0
   127
     0
    12
     9
    10
    17
    27
    42
    50
    30
     0
     8
     0
     0
     0
     0
     0
     0
     0
   289
    17
     6
     0
    29
    94
     0
    14
     8
    24
     7
    21
     7
    31
    24
    10
     6
     0
     0
     0
     0
     0
     0
     6
   205
    21
    11
    21
     0
    76
     7
     6
     7
     7
    26
    39
     8
    38
    17
     0
     0
     0
     0
     0
     0
     0
    15
    12
   128
   203
     0
     0
     0
     0
     0
     0
   100
    77
     7
     0
    20
    36
    45
     7
     7
     0
     0
    14
     9
     0
     0
     0
   206
    99
    26
     0
     6
     0
     6
     0
    99
   121
    19
    20
    16
    22
    36
    18
     0
    18
    19
     0
     0
     0
     0
     0
   299
     9
    28
     9
     0
    53
    10
     0
    32
     6
     6
    20
    25
    30
    40
     0
     0
     0
     0
     0
     0
     0
     8
     0
   389
     0
     6
     9
    10
   151
    22
     7
     0
    10
     7
    15
    49
    24
    23
     0
     0
     0
     0
     0
     0
     0
     0
     0
   298
    22
     0
    11
     7
    76
     7
     0
     0
     0
     0
    27
    19
     0
    42
     0
     0
     0
     0
     0
     0
    12
     0
     0
   351
    10
     8
     8
    16
   117
     0
     0
     9
     9
     0
    15
    21
    60
    17
     0
     0
     0
     0
     0
     0
     0
     0
     0
   320
     6
    34
    10
     0
   120
     7
     8
    27
     0
     6
     9
    32
    54
    25
     0
     9
     0
     8
     9
     0
     7
    18
     0
   205
   139
    13
    13
     7
     7
    17
     0
    74
    58
    31
     0
     0
    50
    23
    68
     9
     6
     0
     0
     0
    12
     9
     0
   162
   197
    30
    25
     0
    13
     9
     0
    77
   102
     7
    17
    12
    46
    86
    72
     0
     0
     0
     0
     0
     0
     0
     0
   376
     7
     9
     0
    23
   104
    19
    17
     0
     0
     7
    24
    47
    15
    27
     0
     0
     0
     0
     0
     0
     0
     0
     0
   408
     9
    20
     0
    20
    94
     9
     9
     9
     8
     8
    28
     6
    26
    25
     0
     0
     0
     0
     0
     0
     0
     0
     8
   321
     0
     0
     0
     8
    59
     8
    28
     0
     8
     0
    37
    50
    35
    59
     0
     0
     0
     8
     0
     0
     0
     0
    11
   380
     0
    29
     0
    23
   158
    13
    10
    25
     0
     7
    35
    16
    32
    41
     0
     7
     0
     8
     7
     0
     0
     0
     0
   189
     6
    16
     9
     0
    66
    21
     9
     6
     0
     7
    26
    53
    36
    38
     0
     0
     0
     0
     0
     6
     0
     9
     0
   131
   185
     0
     0
     0
    24
    22
     9
   121
    64
     0
     0
     0
    30
    34
    21
     7
     9
     7
     0
     7
     0
     8
     0
   205
   109
    18
     0
     0
     8
     7
     0
    73
    80
     0
     0
    17
    37
    29
    58
     0
     0
     0
     7
     0
     0
     0
     0
   241
    11
    14
    29
     0
   109
    24
    16
     9
     0
     0
    36
    11
     9
    23
     0
     0
     0
     8
     8
     0
     0
     0
     0
   345
     0
     7
     0
    12
    79
     7
     0
     0
     8
     0
    24
    18
    30
    36
     0
     0
     8
     0
     0
    15
     0
     0
     0
   277
     0
    15
     0
    15
   151
     0
    24
     7
    22
     6
    15
    18
    37
    26
     0
     0
     0
     6
     0
     0
     0
     0
     0
   435
     9
    17
     0
    17
   127
     0
    20
     6
    15
     0
    55
    19
    37
    35
     0
     0
     0
     0
     0
     0
     0
     0
    10
   354
     0
     0
    26
     6
   153
     9
     0
     0
     8
     0
     7
    20
    38
    39
     0
     0
     0
     0
     9
     0
     0
    22
    17
   127
   228
     8
     9
    11
    11
    18
    25
    77
   117
     9
     0
     6
    29
    33
     0
     0
    32
     0
     0
     0
     0
    13
     8
   188
   197
    25
    14
     0
    17
    25
    34
    84
    90
     0
    17
     0
     0
    48
    21
     0
     0
     0
     0
     0
     0
     0
     0
   354
    25
     0
     0
     0
   145
    14
    10
    10
     0
     0
    33
    13
    34
    38
     0
     0
     0
     0
     0
     7
     0
     0
     0
   286
     0
     0
     9
     0
   144
    23
     8
     0
     0
    11
    10
    39
    37
    27
     8
     0
     0
     0
     0
     0
     0
     0
     6
   343
     7
     9
     7
     0
   103
     7
     6
    22
     0
     0
    10
    20
    41
    39
     0
     0
     0
     0
     7
     7
     0
     0
     0
   254
    17
     7
     0
    14
    58
    15
    17
     8
     0
     0
    45
    57
    52
    32
     0
     0
     0
     0
     0
     0
     0
     0
     0
   262
     8
     0
     0
     0
   130
     0
    10
    10
    10
     0
    56
    24
    27
    18
     0
    10
    17
     0
    10
     0
     9
     7
     0
   173
    96
     9
     7
     6
     0
     0
    13
    75
    98
     0
    17
     0
    13
    51
    29
     0
    11
     8
     0
     0
     0
     0
     0
   178
   152
     9
     0
     8
    10
     6
     9
    79
    76
    26
     9
     0
    65
    25
    23
     0
     0
     0
    10
     0
     8
     0
     0
   383
     0
     0
    16
     0
    93
    19
     0
     7
     6
    21
    28
    23
    44
    81
     0
     0
     0
     0
     0
     0
     0
     0
     0
   303
    14
    18
    23
     9
   125
     0
    12
     0
     7
     9
    46
    48
    49
    11
     7
     0
    10
     0
     0
     0
     0
     0
     0
   281
    11
     0
     9
    10
   100
    11
    11
    36
     0
     0
    24
    25
    37
    26
     9
     0
     0
     0
     0
     0
     0
     0
     0
   217
     7
    38
     0
     8
   105
    21
     0
     0
     7
    25
     6
    55
    34
     8
     8
     9
     0
     0
    15
     0
     6
     0
     0
   408
     0
     0
    10
     7
    92
     0
     9
     7
    19
     0
    29
    10
    53
    15
     0
     8
     0
     8
     0
     7
    16
     0
     8
   140
   218
    18
    23
     0
     0
    10
    10
   100
    53
     6
    18
     0
    16
    23
    46
     0
     0
     9
     0
     8
     8
     0
     0
   227
   268
     0
     0
    11
     6
     0
     9
    82
    99
     6
    10
     0
    28
    43
    15
     0
     0
     0
     0
     0
     0
     0
     0
   255
     0
     9
     0
     9
    90
    10
     0
     0
    28
     0
    17
    17
    35
    22
     0
     0
     6
     0
     6
     0
     0
     0
     0
   292
    10
     0
    26
     9
    53
     9
     0
    18
     6
     0
    39
    14
    41
    46
     0
     0
     0
     0
     0
     0
     0
     0
     0
   258
     0
     0
    20
     0
    42
     0
     9
     0
     6
    19
    15
    28
    21
    54
     0
     0
     9
     0
     0
     0
     0
     0
     0
   309
     0
    19
     0
     0
   111
     0
     8
    17
     0
     7
    10
    30
    31
    22
     0
    10
     8
     0
     7
     0
     0
     0
     0
   247
    13
    24
     9
    17
   122
     7
     7
     8
    24
     0
    38
     0
    37
    22
     0
     0
     0
     0
     0
    10
     0
     7
     0
   225
   183
     0
    31
     0
     0
    19
     0
    91
    65
     0
    10
     8
     6
    38
    26
    10
     0
     0
     0
     0
     0
     8
     6
   194
   107
     8
     7
     0
    10
     0
     8
   103
    75
    26
     8
     0
    56
    59
    82
     0
     0
     0
     0
     0
     9
     0
     0
   344
     6
    20
     0
     8
    79
     9
     7
     0
     0
     6
    36
    25
    73
    10
     0
     0
     0
    11
     8
     0
     0
     0
     0
   322
     8
     0
     7
     0
    57
    16
     0
     9
     0
     0
    55
     7
    38
    50
     0
     0
     0
     0
     0
     0
     0
     0
    10
   297
     0
     9
    14
     0
    86
     8
     0
    18
     7
     9
    24
    16
     8
     6
    11
     0
     0
     0
    10
     0
     0
     0
     0
   359
    14
    15
     0
    12
   149
    15
    19
    12
     6
     0
    53
     0
    32
    40
    11
     0
     0
     0
     0
     0
     0
     0
     8
   319
    10
     0
    10
     0
    74
     0
     0
     8
     9
     0
    23
     7
    59
    77
     0
    20
     0
     0
     7
     0
    11
     0
     9
   212
   216
    15
     0
     6
     0
     9
     0
   139
   162
     0
     0
    22
    53
     9
    38
     0
     0
     0
     8
     0
     0
     6
     0
   224
   200
     8
     0
    27
     0
    14
    10
   115
    75
     7
    24
    18
    20
    38
    35
     0
     0
     0
     0
    10
     0
     0
     0
   251
     8
    35
    14
    16
   163
    17
    10
     0
     7
     0
    10
    23
     0
    29
     6
     7
     0
     0
     8
     0
     0
     0
     0
   386
     9
     0
    17
     0
   101
     6
     8
     9
    12
     0
    10
    47
    35
    27
     8
    12
     0
     0
     0
     7
     0
     8
     0
   307
     0
     8
     0
    13
   127
     0
     8
     0
     0
     0
    42
    29
    17
    25
     0
    20
     0
     0
    16
     7
     0
     0
     0
   317
     0
    10
     0
    17
   163
     0
    11
    14
    19
     0
    29
    26
    35
     9
    11
     0
     0
    11
     0
     0
     0
     0
     0
   370
     9
     0
     0
     0
   104
     7
    16
     9
     0
    27
    32
    42
    25
    37
     0
     6
     9
     0
     0
     0
    10
     7
     0
   232
   189
     0
    18
    21
    11
     0
     8
   101
    95
    10
    26
     0
    67
    26
    37
     0
     7
     0
     0
     0
     8
     0
     0
   211
   134
    18
     0
    22
     0
     0
    29
   119
    84
    31
     8
     7
    43
    15
    10
     9
     0
     0
     0
     0
     0
     0
     0
   211
    25
     0
     0
     6
   116
    25
     0
    10
     0
    13
    66
    29
    18
    46
     0
     0
     0
     0
     7
     0
     0
     0
     0
   323
     0
     8
     6
     0
   115
    25
     8
     0
     9
     9
    26
    47
    41
    11
     0
     0
     0
     0
     0
     0
     0
     0
     7
   396
    15
    10
    21
     0
    84
     7
    10
     9
     0
     0
    96
    21
    50
    19
     8
     0
     8
    16
    10
     0
     0
     8
     0
   261
     0
     7
    10
     0
   106
    22
     0
     8
    12
     0
    32
    40
    23
    16
     0
     7
     0
     0
     0
     8
     0
     0
     0
   272
     0
    11
     7
    19
    71
     0
    19
     0
    15
     9
    37
    40
    40
    39
     6
     0
     0
     6
     6
    18
     7
     0
     7
   183
   158
    16
    23
    14
     9
    17
     0
    94
   135
    17
     0
     0
    45
    40
    21
     0
     0
     0
     0
     8
     9
     0
     0
   187
   151
    15
    25
    10
    17
     0
     9
   115
    98
    16
     0
     7
    60
    26
    35
     8
     0
     0
     0
     0
     0
     0
     0
   322
    12
     8
     0
     9
    61
     0
     0
     0
     0
    11
    35
    31
    26
    21
     0
     9
     0
    10
     0
     0
     6
     0
     9
   319
    15
     6
     0
    17
    66
     0
    18
     0
     9
     0
    22
    16
    34
     6
     0
     0
     0
     0
     0
     0
     0
     0
     0
   311
     8
    10
     9
    15
   100
     9
     6
     9
     7
     0
    32
    15
    32
    42
     0
    10
     0
     0
     0
     0
     0
     0
     8
   345
    21
     0
     8
    18
    66
     7
     0
     0
     9
    10
    28
    36
    42
    25
     0
     0
     0
     0
     0
     0
     7
     0
     0
   396
     0
     0
     0
     0
    99
     0
    13
    12
     0
     0
    18
    32
    33
    33
     9
     9
     0
     0
    15
     0
     0
     0
     0
   175
   162
    16
     7
     0
     8
    15
     0
    65
    82
    15
     7
    25
    53
    37
    22
     0
     0
     0
     0
     0
     0
     0
     0
   187
   256
     0
     8
     0
    10
    10
     0
    95
   130
    14
    10
     0
    52
    59
    32
     7
    20
     6
     0
     0
     0
     0
     0
   316
     9
    16
     8
     0
    77
     9
     0
     0
    26
     8
     0
    38
    25
    31
     7
     0
     0
    16
     0
     0
     0
    17
     0
   296
     0
     8
    10
    11
   100
     0
     0
     0
    11
    15
     8
    26
    31
    10
     0
     0
     0
     0
     0
     0
     8
     0
     0
   290
    14
    25
     0
     0
    99
    29
     0
     0
     9
     0
     6
    65
    70
    15
     0
     8
     0
     0
     7
     0
    13
     0
     0
   261
    24
    25
    19
     0
    99
    10
     6
     6
     0
     0
    50
    19
     7
    63
     0
     0
     0
     0
     0
     0
     0
     0
     0
   326
     0
     0
     0
     8
    85
    16
     0
     8
    16
     9
    40
    23
     7
    60
     0
     0
     0
     0
    15
     0
     7
    14
     0
   191
   175
     6
    19
    17
    10
     7
    18
   139
    75
    11
     0
    12
    40
    38
    56
     7
     0
     8
     0
     0
     8
     0
    10
   178
   196
    17
    10
     8
     0
    18
    16
    59
    84
     7
     0
     8
    28
    16
    43
     0
     0
     0
     0
     0
     9
     0
     7
   363
     0
     0
     0
     0
   128
    14
    10
     0
     7
     9
    35
    22
    56
    50
     0
    10
     0
     0
     0
     0
     0
     0
     0
   342
     8
     0
     0
     0
    90
     9
     0
     0
     0
    10
    16
    75
     8
    23
     0
     0
     0
     7
     0
     0
     0
     0
     0
   257
     0
     0
     0
     0
   153
     0
    17
     0
     0
     6
    15
    40
    28
    20
     8
     0
     0
    11
     0
    10
     0
     0
     0
   267
     8
    10
     0
     0
   133
     7
    21
    10
     7
    17
    18
    38
    23
    52
     0
    10
     0
     0
     6
     7
     0
     0
     6
   375
    10
    10
    16
     7
   117
     0
     6
     0
    18
     7
     6
    23
    30
    20
    16
     0
     0
     0
     0
    13
    10
     0
     0
   106
   145
     8
     8
     7
     8
     0
    25
   110
    76
    17
     0
    10
    36
    23
    39
     0
     0
     0
     0
     0
     0
     0
     0
   190
   220
     8
    10
    16
    10
     0
     6
    91
    83
     0
     0
     0
    15
    19
    19
     0
     0
     0
     0
     0
     0
     0
     0
   331
    16
    10
     0
    16
   114
    10
    12
    10
     0
     6
    38
    66
     0
    37
     0
     0
     0
     0
     0
     0
     0
     0
     0
   277
    11
     8
    28
    12
    93
     0
    24
    16
     0
     0
    26
    31
    36
    23
     0
    17
     0
     0
     0
     7
     7
     6
     0
   287
     0
    23
     9
    10
   125
     8
    12
     0
     0
     0
    33
    32
    28
    19
     0
     0
     0
     0
     0
     7
     0
     7
     0
   271
    10
    10
     0
     0
    95
     0
    16
     0
     0
     9
    41
    33
    26
    17
     0
     0
     0
    15
     0
     0
     0
     0
     0
   278
     0
     0
     9
     0
   106
     8
     0
     0
    17
     6
     6
    45
     8
    52
     0
     0
     7
     0
    11
     0
     0
     8
     0
   148
   158
     7
    22
     8
     0
     0
     0
    98
    62
     7
    16
    10
    21
    25
    35
    16
     0
     0
     0
     7
     0
     0
     0
   163
   169
     0
    16
     0
    19
     8
    28
    35
    20
     0
     7
     9
     7
    14
    44
     0
     7
     0
     0
     9
     0
     0
     9
   332
    22
     0
     8
     0
   125
    17
    31
     6
     9
     0
     0
     0
    38
     8
     0
     0
     0
     0
     0
     0
     0
    10
     0
   261
    24
    16
     0
    20
    73
     8
     7
    17
     0
     9
    17
    16
    41
    48
     9
     0
     0
     0
     0
     0
     7
     0
    14
   275
    26
     9
     0
     0
   117
     0
     9
     9
    13
     0
    26
    36
     8
    31
     0
     0
     0
     0
     0
     8
     8
     0
     0
   321
     8
     0
     0
     7
    53
     0
     9
     0
     9
     0
    18
    53
    39
    16
     0
     0
     0
     6
     0
     0
     0
     0
     0
   313
     0
    18
     0
    14
   133
     0
     6
    23
     0
     9
    40
    17
    39
    32
     0
    23
    14
     0
     0
    17
     0
     0
     0
   113
   128
     0
     0
    15
    15
     7
     0
    50
    36
    10
    16
    11
    17
    20
    37
     9
     8
     8
     9
     0
     0
     0
     8
    91
   156
     0
     0
     8
     7
     6
     7
    66
   105
     0
    22
     0
    16
    36
    18
     0
     8
     0
     0
     0
     6
     0
     6
   252
     0
     0
     7
     0
    81
     8
     6
     0
    22
     0
    40
    24
    59
    24
     0
     0
     0
     0
     0
     0
     0
     0
     0
   349
    10
    25
     6
     7
   122
     0
     0
    10
     6
    10
    53
    19
     0
    62
     0
    10
     0
     0
     0
     0
    10
     0
     8
   282
     8
    10
     0
     0
   126
    11
     0
     6
    15
     7
    33
    31
     8
    41
     0
     8
     0
     6
     0
     0
     0
     0
     0
   288
    26
     7
     0
     9
    93
    18
     0
    15
     8
    11
    22
    52
    20
    36
     0
    17
     0
     0
     0
     0
     0
     0
     0
   244
    10
    21
    11
     7
   154
     0
     0
    10
     9
    18
     9
    43
    52
    16
     6
     0
     0
     7
     0
     8
     0
     0
     0
   158
   169
    10
     8
     0
    10
     0
     0
    47
    96
     0
    15
    10
    45
    44
    50
     0
     0
     0
     0
     0
     7
     0
     0
   127
   104
     8
     0
     0
    35
     0
    10
    28
    75
     0
     0
    10
    19
    38
    22
     0
    14
     7
     0
     0
     0
     6
     0
   354
    10
     0
     0
    30
   113
     6
     0
     0
     8
    10
    10
     0
    17
    35
     0
     0
     0
     0
     0
     6
     0
    11
     0
   375
     7
     0
    29
     8
    88
    18
     8
     6
     8
     0
     8
    16
    41
    57
     0
     0
     0
     8
     0
     0
     0
     0
     0
   251
    14
    10
     0
    14
    81
    12
     0
     0
     0
     0
    32
    11
    39
    25
     0
     0
     0
     0
     0
     0
     0
     0
     0
   266
     0
    17
    10
     0
    75
    18
     0
     0
     7
     8
    31
    49
    39
    25
     0
     0
     0
     0
     0
     0
     0
    11
     0
   297
     8
     0
     0
    20
    90
     0
     0
     0
    24
     0
    28
    14
    33
    18
     0
     9
     0
     7
    20
     8
     0
    11
     6
   176
   171
     0
     0
    11
     0
    10
     0
   112
    94
    19
    10
    16
     0
    11
     0
     0
    11
     0
     8
     0
     0
     8
    10
   169
   171
    11
     7
     0
     0
    17
    17
    58
    88
     0
    18
     7
    71
    23
    17
    11
     0
     0
     7
     6
     0
     0
     0
   250
     0
     9
    19
    19
    72
     0
     0
    10
     0
     0
    26
    22
     9
    22
     0
     0
     0
     0
     0
     0
     0
     0
     0
   250
     0
    36
    17
     9
    83
     8
     0
    12
    15
    10
    23
    27
    43
    36
     0
     0
     0
     0
     0
     0
    16
     0
     0
   329
     0
     0
     0
     8
    94
     0
     7
     0
    20
    26
     6
    19
    21
    67
     0
     9
     0
     0
     0
     0
    11
     0
     0
   269
     0
     8
     6
    23
   148
     0
    14
     0
    27
     0
    43
    38
    21
    19
    10
     0
     0
     0
     0
     0
     0
     0
     0
   289
     0
     0
     0
    15
    96
     0
    11
     9
     0
     6
     6
    42
    76
    34
     0
     0
     0
     0
     0
     0
    16
     0
     0
   143
   228
     8
    19
     0
     9
     8
    15
    60
   100
     0
     9
     8
    45
    43
    52
    10
     0
     0
     0
     0
     0
     8
     0
   142
   171
    21
    12
    18
     8
     0
     0
    62
    67
     0
     6
     7
     6
     9
    30
     8
     0
     0
    10
     0
    11
     0
     0
   220
     0
    14
     9
     0
    77
     0
    14
     8
     0
     0
    22
    46
    41
    17
     0
     0
     0
     0
     0
     0
     0
     0
     7
   278
     9
     0
     0
     0
    64
    17
     8
     8
     0
     9
    33
    51
    19
    19
    10
     0
     0
     0
     9
     0
     0
     0
     0
   241
    34
     7
     0
     8
   106
     7
     6
     0
    20
    13
    44
    36
    42
    33
     0
     0
     0
     0
     0
     0
     0
     6
     0
   222
    26
     8
     0
     0
    90
    20
     7
    14
     0
     7
    17
     7
     6
    33
     0
     0
     0
     0
     0
     0
     0
     0
     0
   263
     6
    11
    23
    17
    74
     0
     6
    11
     0
     0
    23
    26
    17
    57
     8
     0
     0
     7
     7
     0
     0
    10
     7
   206
   136
    16
    16
    23
    17
    10
     0
   118
    67
     7
    17
     0
     8
    24
    28
     0
     0
     0
     6
     0
     0
     0
     0
   116
   170
     0
     8
     0
    10
    24
     9
    81
    39
     8
     8
    32
    40
    48
    17
     7
     0
     0
     0
     0
     0
     0
     0
   271
    12
     0
     9
     0
    91
    11
     0
     8
     8
     0
    44
    16
    43
    51
     0
     0
     0
     0
     0
     0
     0
     0
     0
   283
     7
    14
     6
    19
   107
    11
    10
     9
     0
     0
    25
    15
    33
     7
    11
     0
     0
     0
     0
     0
     0
     0
     0
   172
     7
     9
     9
     0
    52
     0
     6
    13
     0
    32
    32
    27
    13
    25
     0
     0
    18
     0
    10
     0
     0
     7
     0
   300
    25
     0
     0
     6
   119
     0
     7
    17
     0
     0
    43
    50
    27
    32
     0
     0
     0
     0
     0
     0
     0
     0
     0
   219
    14
     0
     0
     0
    59
     0
     6
    14
     0
     6
    26
    23
    16
    36
     0
     0
     0
     0
     0
     8
     7
     0
     0
   130
   153
     0
     6
     0
     0
    10
     7
   121
   109
     0
    16
    17
    39
    38
    41
     0
    10
     0
     0
    10
     0
     0
     0
   144
   132
     0
     6
    18
    16
     7
    15
    54
    68
    30
    19
     0
     0
    31
    54
     9
     0
     0
     0
     0
     0
     0
     0
   240
    48
     7
     8
    14
   121
     8
     0
    11
     0
    11
     7
    11
    20
    44
     0
    10
     0
     8
     8
     0
     0
     0
     0
   280
    17
    10
     8
     6
   125
     7
    11
     0
    10
    15
     8
    18
     7
     8
     0
     0
     0
     0
     0
     8
     0
     0
     0
   346
    10
     8
    17
     9
    59
     0
    35
     0
     0
     7
    30
    41
     0
    56
     0
     0
     0
     0
     0
     0
     0
     6
     0
   261
     0
     0
    23
    25
   126
     0
    26
     7
     0
     0
    16
    51
    58
    17
     0
     0
     0
    11
     0
     0
     0
     0
     0
   339
     0
     0
    25
     0
    78
     0
     0
     9
     0
     0
    29
    51
    16
    23
     0
     0
     0
     0
     0
    17
     0
     7
     0
   124
   150
     8
     7
    11
     0
    26
    15
    44
    79
     7
    21
    30
    41
    28
    35
     0
     0
     0
     0
     0
     0
     0
     0
   108
   148
     6
    10
     8
    12
     0
     0
    40
    57
     0
    19
    36
    33
    53
    42
     0
     0
     0
     0
     0
     0
     0
     0
   283
     9
    10
     0
     0
    79
     0
    13
     0
    20
     9
    25
    43
    51
    22
     0
     0
     0
     0
     0
     6
     0
     0
     0
   201
     0
     7
    20
     0
    99
     0
    16
     9
     0
     9
    20
    18
     7
    18
     0
     0
     0
     0
     0
     0
     0
     0
     0
   254
    10
     7
     0
    27
    53
    10
     0
     0
     0
     0
    12
    14
    18
    33
     0
     0
    10
     0
     0
     0
     0
     0
     0
   252
     0
     0
    25
    14
    84
     0
    10
     9
     0
     9
    54
    35
    13
    24
     8
     7
     0
     0
     0
     0
     0
     0
     0
   230
     9
     8
    18
     6
    98
    11
    25
     8
     0
     0
    19
     8
    45
    27
     0
     9
     6
    16
    11
     0
     0
     0
     0
   133
   120
    24
    27
    10
     9
     0
    25
    61
    88
     0
    34
     0
    32
    17
    57
    10
     0
     6
     0
     0
     0
     7
     0
   210
    73
    18
    24
    15
    11
     7
     8
    32
    85
     0
     9
     7
    35
    64
    31
    10
     0
     0
     0
     0
     0
     9
     0
   201
    11
     8
    19
    15
    95
    23
     0
     0
     0
     8
    23
    26
     9
    55
     0
     0
     0
     0
     0
     0
     0
     9
     0
   311
    36
     0
     0
    10
   103
     0
     0
     7
    26
    17
    37
     7
    35
    15
     0
     0
     0
     0
     0
     7
     0
     6
     0
   327
     9
    24
     6
     7
    96
     8
    16
     0
    10
     0
    17
     0
    24
    40
     8
     0
     0
     9
     0
     0
     0
     0
     0
   289
    18
     6
     0
    18
    49
     9
     9
     0
     8
     0
    26
    23
    45
    23
     0
     6
     0
     0
     0
     0
     0
     0
     0
   248
     0
     0
     0
     8
   135
     0
     0
     0
     0
     0
    33
    29
    18
    35
     0
     0
     9
     0
     0
     0
     7
     0
     0
   177
   158
    27
    14
     6
     0
     8
    16
    44
    89
     0
     0
     0
    57
     0
    90
     0
     0
     0
     0
     0
     0
     9
    14
   161
   168
     0
     6
     0
     0
     0
     0
    40
   110
     0
    16
    10
    45
    25
    22
     0
     0
     0
     0
     0
     0
     8
     0
   386
     0
    28
     0
    25
    79
     0
     0
     9
     0
     0
    19
    20
    20
    28
     0
     0
     0
     0
     0
     0
     0
     0
     0
   277
     0
     0
     7
    21
    63
     0
     7
     0
     0
     0
    29
    25
    46
    28
     0
     0
     0
     0
     0
     0
     0
     0
     0
   228
     0
    18
     0
     6
   115
     0
     0
     0
     0
     0
     0
    27
    26
     6
     6
    18
     0
     0
     0
     0
     0
     0
     0
   304
     6
     6
     0
     0
   156
     8
     0
    15
     0
     9
    34
    32
    26
     0
     0
     0
     9
     0
     0
     7
     0
     0
     8
   234
    22
     6
     0
    10
    95
    28
    20
     8
     7
     0
     8
    42
    21
    28
     0
     0
     0
     0
    10
     0
     0
     0
     0
   188
   150
    17
     0
     0
     7
     0
     0
   110
    80
     0
    11
     6
    18
    25
    43
     0
     0
     0
     0
     0
     0
     0
     6
   197
   158
     9
     6
    18
     0
    10
     0
    53
    53
     0
     0
     9
    31
    62
    34
     0
     0
     0
     0
     0
    10
     0
     0
   208
     8
    11
    20
    18
    39
     0
     0
     0
     0
    14
    65
    27
    50
    21
    10
     0
     0
     0
     0
     0
     7
     0
     0
   273
     0
     8
    13
    27
    66
     8
     7
     0
     8
     0
    34
    39
    33
    13
     0
     0
     0
     0
     0
     0
     0
     8
     0
   261
     8
     0
    10
    15
    61
     0
    10
    17
    19
     0
    45
     8
    21
    19
     0
     6
     0
     0
     0
     0
     0
     0
     0
   252
     0
     0
     9
     0
    54
     0
     8
     0
     0
     7
    46
    60
    60
    33
     0
     0
     0
     0
     0
     0
     6
     0
     0
   258
     0
     7
     8
    10
    51
    24
     8
    16
     0
     7
    33
    37
    60
    24
     0
     0
     0
     0
     0
     0
     0
     0
     0
   164
   204
    31
     0
     8
    24
     8
     0
    99
    48
     8
    17
     0
    38
    26
    17
     9
     0
     0
     0
     0
     7
    15
     6
    80
   139
    11
     9
    21
    16
    16
     9
    73
    78
    10
     0
     7
    26
    35
    21
     0
     0
     0
     0
     0
     0
     0
     9
   246
    10
     0
    15
     0
   122
     0
    22
     7
     8
     0
    44
    24
    42
     7
     0
     0
     0
     0
     0
    10
     0
     0
     0
   277
     0
     0
     9
     0
    53
     0
     0
     7
     8
     0
    41
    24
    31
    25
    11
    11
     0
     0
     0
     0
     0
     0
     0
   299
     0
     6
    10
     7
    98
     0
     0
    25
     8
    12
    14
     7
    30
    17
     6
     0
     0
     0
     0
     0
     0
     0
     0
   275
    16
     0
    11
     0
    49
     7
    17
     0
     6
    18
    51
     7
    31
    45
     0
    11
     0
     0
    11
     0
     0
     0
     0
   213
    18
    12
     0
     0
   109
     0
    19
     6
    15
    21
    37
    20
    16
    17
     0
     0
     9
     6
    10
     0
     0
     0
     0
   165
   173
     6
     0
     0
     0
     0
     0
    43
    76
     7
    13
     0
    18
    28
     0
     0
     7
     8
     8
     0
     6
     0
     0
   199
   147
     9
     8
     0
     8
     6
    19
    56
    88
    23
     9
    10
    39
    15
    46
     0
     0
     0
     0
     0
     0
    10
     0
   188
     0
     0
     0
     8
    90
     0
     0
    26
     0
     7
    30
    43
    37
    16
     0
     0
     0
     0
     0
     0
     0
     0
     0
   293
    16
    10
     9
     0
    73
     0
     0
     0
     0
    26
    40
    51
    50
     0
     7
     0
     0
     0
     9
     0
     0
     0
     0
   245
    29
    12
     0
     0
    46
     8
     8
    15
     0
     0
    44
    37
    44
    32
     0
     0
     0
     0
     0
     0
     0
     0
     0
   292
     0
     0
    18
     0
    40
     0
    16
     0
    21
    16
    15
    10
     7
    19
     0
     0
     0
     0
     0
     0
     0
     0
     7
   235
     9
     0
     0
     8
   115
     8
     0
    20
     8
     8
    20
    27
    15
    26
     0
     0
     0
     9
     7
     0
     8
     0
     0
   128
    64
     0
    27
     0
    25
    10
     8
    66
   102
    14
     0
    28
     7
     0
     0
     0
     0
     0
     0
     7
     0
     0
     0
   101
   145
    10
     0
     9
    18
     9
     0
    91
   109
    10
     0
     9
    31
    20
     9
     0
     0
     0
     0
     0
     0
     0
     0
   266
    27
     0
     8
     7
    43
    10
    16
     0
     0
     0
    37
    34
     7
    23
     0
     8
     0
     9
    17
     0
    10
     0
     0
   256
     0
     6
     8
     9
   117
     0
     0
     0
     8
    12
    19
    18
     8
     0
     0
     0
     0
    11
     6
     8
     0
     0
     7
   265
     0
     9
     0
    15
    59
     0
     9
     0
    25
     9
    33
    21
    10
     9
     0
     0
     0
     0
     0
     7
     0
     0
     0
   290
    14
    10
    21
     0
    90
    11
    19
     9
     0
    14
    44
    35
    65
    52
     0
     0
     0
     0
     0
    11
    10
     0
     0
   255
    14
     0
     7
     0
    72
    23
     0
    24
    20
     0
     9
    11
    58
    54
     0
     9
     0
     9
     0
     0
     8
     0
     0
   104
   140
    18
    10
     6
     8
     0
    16
    94
    70
     8
     0
    16
    41
    31
    23
     8
     0
     0
     0
     6
     0
     8
     0
   227
   152
    20
     0
     0
    19
     0
     0
    39
    63
     0
     0
     0
    15
    50
    39
     0
     0
     0
     0
     0
     0
    12
     0
   193
     0
     7
    19
     9
    92
    17
     9
     0
     9
     8
    61
    37
    19
    26
     0
     0
     0
     0
     7
     0
     0
     0
     0
   339
     0
     0
    14
    15
    82
     0
    16
     0
     0
     0
     0
    20
    41
    43
     0
     0
     0
     0
     0
     0
     0
     0
     0
   234
     0
    21
     0
    17
    82
     0
    17
     0
    10
     0
    24
    14
     7
    23
     0
     0
     7
    15
     0
     8
     0
     6
     0
   251
     0
    16
     6
    17
    96
     0
     0
     0
     0
     0
    16
    41
    25
    40
     0
     0
     0
     0
     0
     0
     0
     0
    11
   275
     0
     0
     0
    45
    92
     0
     0
     0
     0
     7
    17
    19
    14
    43
     0
     9
     0
     0
     0
     0
    14
     0
     0
    90
   114
    14
     7
     0
    43
     0
     0
    33
    81
     0
     8
    15
    33
    22
    31
     0
     0
     0
     6
     0
     0
     0
     8
   178
   148
     9
    10
     8
     7
    10
     0
    41
   117
     7
     0
     8
    14
    46
    24
     0
     0
     0
     7
     0
     0
     0
     0
   262
     0
     6
     0
    15
    57
     0
    20
     0
     9
     0
     9
    20
    28
     8
     0
     9
     0
     0
     0
     0
     0
     0
     0
   284
     8
    14
    19
     0
    75
     0
    17
     8
     0
    18
    18
    35
     9
     7
     0
     0
     0
     0
     0
     7
     0
     0
     0
   330
    25
     8
     7
     0
   156
     0
    17
     0
     0
     0
    16
    27
    33
     6
     0
     0
     0
     0
     0
     0
     0
     0
     0
   199
    14
     0
    14
     0
   152
     9
     8
    51
     7
     0
     8
     6
     6
    25
     0
     0
     0
     0
     0
    17
     0
     0
     0
   201
     0
     0
     0
     0
    69
     0
     0
     0
    10
    21
    65
    30
    14
    36
     0
     0
     0
     0
     0
     0
     0
     0
     0
   167
   148
    16
     0
     0
    18
     0
     0
   113
    91
     0
     0
     8
    37
    27
     0
     0
     0
     8
     0
     0
     0
     0
     9
   155
   131
    11
    15
     0
    17
     0
    16
    69
    47
    19
    20
     6
    14
    17
    32
     0
     0
     0
     0
     0
     0
     0
     0
   249
     0
     0
    28
    10
   104
    18
     0
    20
    14
     0
    26
    16
    26
    15
     0
     9
     0
     0
     0
     0
    15
     0
     0
   319
     9
     7
     6
     0
    85
     8
     0
     0
     9
     0
     6
    15
    36
    44
     0
     7
     0
     0
     0
     0
     0
     0
     0
   223
     0
     0
     7
     0
    32
     9
     0
     0
    18
     0
     7
    42
    26
    27
     0
     6
     0
     0
     0
     0
     0
     0
     0
   243
     0
     6
     8
    10
   104
     8
     8
     0
    10
     9
    37
    26
    22
    51
     0
     0
     0
     0
     0
     0
     0
     0
     0
   242
     0
     8
     0
     8
    64
     0
     0
     7
     8
    19
    41
    18
    15
    19
    10
     0
    15
     0
     0
     0
     7
     0
     8
   214
   137
    10
    16
     0
     0
     0
    16
   119
   129
    15
     0
     0
    25
    23
    31
     0
     0
     0
     0
     0
     0
     0
     0
   127
   143
    16
    25
     7
    13
    34
     7
    78
    56
    15
    12
     0
    31
    12
     0
     0
     0
     0
     0
     0
     0
     0
     0
   328
     0
     0
     0
     0
    54
    14
    10
    10
     0
     9
    45
    38
    23
    27
     0
     0
     6
     0
     0
     0
     6
     0
     0
   302
     0
     0
     0
     0
    46
    17
     0
     0
     0
     0
    44
    34
    37
    18
     0
     0
     0
     0
     0
     0
     0
     0
     7
   269
     8
     8
    16
     0
   114
     9
     9
     7
    19
     0
    30
    42
    24
    25
     0
    10
     0
     0
     0
     9
     0
     0
     0
   291
     8
    32
     0
     8
    63
     0
     0
     0
     8
    16
    32
    36
     0
     8
     0
     0
     0
     0
    10
     0
     0
     0
    10
   274
     9
     9
    15
     0
    58
     0
     0
    19
     0
    16
    24
    17
     7
    23
     0
     7
     0
     0
     0
     0
     0
     0
     0
   152
   167
     0
     0
    11
     0
     0
     0
    81
    94
     0
     0
    34
    18
    34
    37
     0
     0
     0
     0
     0
     0
     7
     6
   144
   190
     6
     8
    18
    11
    11
    17
    64
    92
     0
     0
     6
     9
    60
     8
     0
    15
     0
     0
     0
     0
     0
     0
   327
    11
    16
     0
    10
    69
     6
     0
     0
    14
     0
     9
    18
    14
    17
     0
     0
     0
     6
     0
     0
     9
     0
     0
   277
     0
     0
     0
     0
    90
     0
     0
    10
     0
     0
    24
    53
    28
    17
     0
     0
     0
     0
     0
     0
     0
     8
     0
   220
     0
     8
     9
     6
    63
    18
    16
     0
     9
     0
    11
    44
    29
    10
     0
     0
     0
     0
     0
     0
     0
     0
     0
   247
     9
    12
    14
     0
   105
    15
     8
    11
    15
     0
    16
    47
    28
    28
     0
     0
    17
     0
     0
     0
     0
     0
     0
   363
    29
     0
    14
    17
    78
     9
     0
     6
     0
     7
    14
    28
     7
    22
     0
     0
     0
     8
     0
     0
     0
     0
     0
   249
   200
     7
    22
     0
    14
     0
     0
   109
    34
     0
    16
     8
    15
    27
     9
     0
     0
     7
     0
     0
     0
     0
     0
   158
   174
     0
    11
    30
     7
     9
    14
    88
    73
     0
    16
     0
    34
    38
    28
     0
     0
     0
     0
     0
     0
     0
     0
   292
    10
    13
     0
     0
    48
     0
    21
     0
     0
     8
    43
    17
    20
    49
     0
     0
     0
     0
     0
     0
     0
     0
     0
   236
     0
    10
     8
    14
    78
     7
     0
     0
     0
     0
    32
    40
    38
    12
     0
     0
     0
     0
     0
     0
     0
     0
     0
   266
     0
     0
     0
    17
    68
     6
    18
     0
    20
     0
    14
    10
    24
    24
     0
     0
     0
     0
     0
     0
     0
     8
     0
   232
     0
    13
     9
     0
    86
    19
     9
     0
     0
     0
    30
    51
    15
    39
     0
     0
     0
     0
     0
     0
    12
     0
     0
   258
    10
     0
     9
    11
   129
     0
    12
    27
     0
     0
    13
    32
    10
    34
     0
     0
     0
     0
     0
     0
     0
     0
     0
   119
   101
    18
     0
     8
    10
     6
    13
    70
    46
    17
     0
    16
    16
    19
    42
    18
     0
     0
     0
     0
     0
     9
     0
   133
   181
    10
     0
    10
    12
     8
     0
    99
    86
    24
    17
     0
    22
    25
    63
     0
     0
    19
     0
     8
     0
     0
     0
   178
     9
     0
     8
     9
   100
    16
    16
     0
     0
     6
     7
    20
    38
    16
     7
     0
     0
     0
     6
     0
     0
     7
     0
   252
     0
     9
     0
     0
    87
     7
     0
     8
     0
    20
    34
    43
    15
    17
     6
     0
     0
     0
     0
     0
     0
     0
     0
   194
     0
    10
     0
     6
    95
    17
    24
     0
     0
     0
     9
    48
     0
    41
     8
     0
     0
     0
     0
     0
     0
     0
    13
   236
     7
     0
     9
     7
    83
     0
     7
     7
     0
     9
    29
    19
    16
    19
    16
     0
     0
     0
     0
     7
     0
     0
     0
   213
     0
    22
     0
     7
    66
     0
     0
     0
     0
    17
    11
    40
    15
    30
     0
    15
     0
     0
     0
     0
     0
     0
     0
   125
   135
     9
     9
     0
     0
    14
     0
   123
    48
    15
     0
    19
    37
    36
    98
     7
    10
     0
     0
     0
     0
     0
     0
   188
   149
    23
     0
    11
     9
    25
    17
    91
    84
     7
    29
     0
    54
     8
    60
     0
     0
     0
     0
     0
     0
     0
     0
   326
     7
     0
     0
    12
    97
     6
     0
     7
     0
     0
     8
     9
    27
    27
    11
     0
     0
     0
     0
     0
     0
     0
    10
   290
     9
     9
     8
     6
   127
    11
     7
     7
    21
     8
     8
    22
     7
    16
     0
     0
     0
     7
     0
     0
     0
     0
     0
   269
     8
     0
     0
     0
    85
     0
     7
    16
     9
     0
    21
    29
    21
    51
     9
     0
     0
     0
     0
     0
     0
     0
     0
   317
     0
    13
     7
     0
   126
    15
     0
     9
     9
     0
    52
    46
    25
     0
     0
     7
     0
     8
     0
     0
     0
     0
     0
   205
     0
     8
    13
     0
    92
     8
    11
     0
     0
     7
    22
    10
    28
    40
     0
     0
     0
     0
     0
     7
     0
     9
     0
   171
   180
     0
     8
     8
    22
     0
    11
    36
    93
     0
    13
    19
    65
    55
    16
     0
     0
     0
     0
     0
    18
     0
     0
   122
   110
    15
     0
     6
     6
     9
     0
    56
   110
     8
    34
     8
    43
    13
    29
     8
     0
     0
     0
     7
     0
     7
     0
   288
     0
     0
    10
     0
    91
     6
     8
     9
     0
     0
    34
    33
    30
    31
     0
     0
     0
     0
     9
     0
     0
     0
     0
   278
     0
    16
    18
    10
    74
     7
     0
    14
     6
     0
    22
    52
    71
    18
     0
     0
     0
     0
     0
     0
     0
     0
     0
   314
     0
     0
     0
    19
    74
     8
     0
     9
     0
    12
    39
    48
    42
     7
     0
     0
     0
     0
     0
     0
    10
     0
     0
   307
     7
     0
    11
     0
    98
    19
    16
    14
     6
    27
    10
    54
     7
    35
     0
     0
     0
     0
     0
     0
     0
     6
     0
   198
     0
    16
     0
    19
    76
     0
    23
     0
     0
     9
    16
    40
     0
    29
     0
     9
     0
     6
     0
    17
     0
     9
     0
   156
   167
     9
     0
    11
     0
     8
     8
   117
    56
     6
     7
     7
    56
    25
    30
     0
     7
     0
     9
     0
     0
     0
     0
   120
   144
    24
     9
     0
     8
     9
    11
    51
    33
     8
     9
    10
    28
     9
    24
    11
     0
    12
     0
     0
     0
     0
     0
   289
     6
     0
     7
     0
    32
    17
     0
    10
    21
     9
     0
    24
    20
    17
     0
     0
     0
     0
     0
     0
     0
     0
     0
   277
    12
     0
    12
     0
   114
     0
     0
     8
    10
     0
    36
     8
    23
     7
     0
     0
     0
     0
     0
     0
     0
     0
     7
   309
     0
     7
     0
     7
   106
    16
    16
     0
     0
     0
    33
    15
    10
    21
     0
     9
     8
     0
     0
     0
     0
     0
     0
   255
    25
     9
     9
    11
   120
    18
    10
     7
     7
     0
    16
    34
    30
    28
     0
     0
     0
     0
     0
     0
     0
     0
     0
   292
     9
    20
     8
     8
   125
     8
     0
    15
     0
    21
    42
    14
    47
    46
     8
     0
     0
     0
     0
     0
     9
     0
    10
   211
   104
     0
     0
     6
     0
     0
     9
    64
    37
     6
     0
    19
    16
    56
    15
     0
     0
     7
    10
     0
     0
     0
     6
    82
   126
    14
     0
    29
    18
     0
    34
   109
   101
     9
     9
    29
    18
    32
    63
     0
     0
     0
     0
     0
     0
     0
     7
   336
    10
     8
     0
     0
    50
     0
     0
    17
    17
     7
    17
    27
    12
    37
     9
     0
     0
     0
     0
     0
     0
     0
     0
   222
     0
     0
     0
     7
    57
     9
     0
     9
     0
     0
    38
    18
     0
    16
     0
     0
    10
     0
     0
     0
     0
     0
     0
   312
    18
     0
    16
     7
    88
    10
     6
     6
     7
     0
    42
    21
    17
    54
     0
     0
     0
     9
     9
     0
     0
     0
     0
   264
     7
     8
     0
     0
    81
     0
     0
     0
     9
     6
    20
     9
    22
    16
    17
     7
     0
     0
     8
     0
     0
     0
     0
   276
     0
     0
     0
     0
   110
     0
     0
     0
     0
    10
    55
    14
    20
    28
     0
     9
     0
     6
     0
     8
     0
     0
     0
   114
    77
    17
    26
    41
     0
     0
     0
   116
    88
     6
    15
     0
     9
    27
    58
     0
     0
    10
     0
     9
     0
     0
     0
   122
   164
     0
     0
    18
     0
     7
     0
    70
    65
    16
     6
    24
    10
    38
    57
     0
     0
     8
     0
     0
     0
     7
     9
   301
     0
     6
    11
     0
   108
     7
     0
     0
     0
     0
    26
     8
    49
    65
     0
     0
     0
     0
     0
     0
     0
     0
     0
   189
     0
     9
     8
     0
    41
     9
    12
     9
     0
    14
    29
     9
    27
    32
     0
     0
     7
     0
     0
     0
     0
     0
     0
   194
    18
    17
     7
     0
    64
     7
    27
     0
    18
    29
    72
    17
     6
    31
     0
     0
     0
     0
     0
     0
     0
    11
     0
   224
     9
    19
    12
     7
    98
     0
     0
     0
     7
    13
    54
    21
    55
    41
     0
     0
     0
     0
     0
     0
     0
     0
     0
   240
    10
     6
    10
     0
    84
     0
     0
     0
    12
    19
    27
    56
    17
    23
     0
     0
     0
     0
    19
    24
     0
     0
     0
   138
   101
    25
     8
     0
     8
     0
     0
   104
    87
    19
     6
     0
    25
    21
    18
     0
     0
    18
     0
     0
     0
     0
     7
   140
   187
    14
     8
     0
     0
     0
     9
    57
   110
     7
     0
     0
    54
    17
    14
     0
     0
     0
     0
     0
     0
     0
     0
   292
    14
    12
     0
     6
    59
     9
     0
     0
    15
     0
    32
    24
    34
    53
     0
     0
     0
     0
     7
     0
     0
     0
     0
   313
     9
    16
    16
     8
    65
     9
    13
    10
     9
     8
    11
    19
    16
    15
     0
     0
     0
     0
     0
     0
     0
     0
     0
   264
     9
     8
     9
    16
    74
    16
     7
     0
    24
     9
    41
    42
     0
    27
     0
     0
     0
     0
     0
     0
     0
     0
     0
   354
     9
     8
     0
    14
   107
     0
     0
    27
     0
    18
     0
    27
    10
     7
     0
     0
     0
     0
     0
     0
     0
     0
     0
   237
     8
     9
     8
     8
    94
    10
     8
     0
    25
     0
    31
    37
     0
    27
     6
     9
     0
     0
     0
     0
     9
     0
     8
   138
   121
     0
     0
     8
     7
     0
     7
    84
   126
    15
     7
    12
    29
    28
    75
     0
     0
     0
     0
     9
     0
     0
     0
   110
   163
     0
     0
     0
     8
     8
     0
    79
    47
    19
     0
     0
    19
    25
    21
     8
     0
     0
     0
     7
     0
     0
     0
   274
     0
    17
     0
     0
    75
     9
    14
     0
     7
     0
    12
    34
    27
    57
     0
     0
     0
     0
     0
     0
     0
     0
     0
   258
     0
     0
     7
     0
   145
     0
     0
     0
     7
     0
    53
    43
    40
    21
     0
     0
     0
     0
     0
    11
     0
     0
     0
   303
     0
    18
    19
    12
    63
    10
     0
     7
     0
     8
    26
    19
    33
    61
     0
     0
     0
    11
     0
     0
     7
     0
     0
   296
     6
    15
     0
     9
    76
    12
     8
    17
    10
     0
    38
    34
    31
    14
     0
     0
     0
     0
     0
     7
     0
     0
     0
   306
     0
     0
     9
    16
    71
     0
     0
     0
     0
     0
    35
    20
    26
     0
     0
    13
     0
     0
     0
     0
     8
     7
     0
   110
    66
    14
    15
     0
    18
     8
     0
    72
    98
    10
    12
     0
    50
    24
    34
     0
     0
     0
     9
     0
     8
     0
     0
   156
   140
    10
    16
     9
     6
    14
     0
    77
    63
    10
    18
     0
    30
    27
    34
     0
     0
     0
     0
     0
     8
     0
     0
   196
     7
    25
     0
     9
   125
     7
    16
     8
     8
    16
    17
    27
    18
    36
     0
     0
     0
     0
     6
     0
     0
     0
     0
   218
     7
    10
     0
     0
    80
     0
     0
     0
     8
    33
     9
    28
    31
    55
     0
     0
     0
     0
     0
     0
     0
     0
     0
   293
     0
     0
     0
     8
    77
     8
     9
     7
     8
     8
    40
    14
    61
    79
     0
     0
     0
     0
     0
     0
     0
     0
     0
   225
     0
     6
     0
     0
    56
     0
     7
    19
     0
     0
    33
    26
    20
     9
     0
     0
     0
     0
     0
     0
     0
     0
     0
   270
     0
    24
     8
     7
    58
    24
    21
     8
    27
     8
    28
    20
    19
    23
     0
     0
     8
     0
     0
     0
     0
     0
     0
   123
   227
     6
     0
    39
    15
     7
     0
   136
    77
     0
     0
     9
    32
    30
    26
     0
     9
     0
     0
     9
     9
     0
     0
   202
   155
     0
    10
     0
    18
     8
     7
    40
    87
     8
     0
     0
    34
    23
    64
     0
     0
     0
     0
     0
     0
     0
     0
   299
    17
    20
    11
    10
   122
     0
     0
     0
     9
     0
    23
    28
    32
    26
     8
     0
     0
     0
     0
     0
    12
     0
     0
   357
     9
     0
     8
     0
    46
     9
     0
    17
     0
     0
     9
    16
    49
     6
     0
     0
     0
     0
     0
     0
     0
    10
     0
   272
    15
     0
     0
    18
    70
     0
     0
    19
     9
     6
    14
    56
    34
    35
     0
     0
     0
     0
     0
     0
    10
     0
     0
   229
     0
     6
     0
     8
    91
    10
     0
     0
     6
     0
    41
     9
     0
    29
     0
     0
     0
     0
     0
     0
     0
     0
     0
   330
    14
     0
    32
    13
    51
     0
     0
     0
     8
     0
    42
    24
    26
     7
     0
     0
     9
     0
     0
     9
     0
     0
     0
   160
   200
     6
    16
     0
    17
    15
     0
    53
   103
     6
     9
    11
    23
    32
    43
     0
     6
    11
     8
     0
    16
     9
     0
   154
   119
     0
     0
     0
     0
     0
    10
    80
    74
    16
     0
    25
    22
    52
    25
     0
     0
     0
     0
     9
     7
     7
     0
   370
     7
     0
     0
     0
    94
     7
    11
     0
     0
     0
    40
    45
    33
    27
     0
     0
     8
     0
     0
     0
     0
     0
     0
   239
    19
     6
     7
    26
   131
     0
     0
     6
     0
     6
    49
    18
    27
     8
     0
     9
     0
     6
     0
     0
     0
     7
    10
   297
     0
    10
    15
    16
    96
     7
    15
     0
     0
     0
    23
    15
    21
    30
     0
     0
     0
     0
     0
     7
     0
     0
     0
   339
     0
    10
     9
    18
   104
    20
     8
     0
    29
     0
    28
    32
    32
    47
    18
     9
     0
     0
     0
     0
     0
     0
     0
   290
     7
     7
     0
     0
   124
     7
     0
     8
     0
    11
    39
     8
    18
     0
     0
     0
    11
     0
     0
     0
    19
     0
     0
   145
   150
     0
    18
    16
     0
     0
     6
    94
    84
     9
     0
    11
    66
    42
    40
     7
     9
     0
     0
     0
     9
     0
     0
   220
   147
    37
     0
     8
     6
     8
    10
    62
    68
     7
    10
     8
    28
    47
     0
     0
     0
     0
     0
     0
     0
     6
     9
   277
     8
    14
    19
     0
    85
     0
    15
     8
    11
     0
    31
    25
     0
    36
     0
     0
     0
     0
     0
    10
     8
     0
    10
   262
    12
     8
     0
     0
    70
     0
    10
    15
     8
     0
    30
    30
    24
    54
     0
     0
     0
     0
     6
     0
    11
     0
    10
   292
    29
     0
     8
     7
    97
     9
     0
     0
     9
     0
    24
    18
     9
     6
     0
     0
     0
     0
     0
     0
     0
     0
     0
   255
    10
    17
    25
    19
    89
     0
     0
     7
     0
     6
    23
    41
    22
    24
     0
     0
     0
     0
     0
     0
     0
     0
     7
   163
     8
     8
    10
     7
   120
     7
     0
    17
     0
     0
    16
    33
    47
    31
     0
     0
     0
    14
     0
     0
     0
     0
     0
   167
   169
     0
    18
    10
    10
     0
     0
    78
   107
     0
     0
     0
    46
    48
    33
     0
     6
    11
     0
     0
    10
     0
     0
   170
   103
    18
     9
    10
     8
    13
    16
   101
    59
     0
    13
     0
    39
    10
    33
     0
     0
     0
     0
     0
     0
     0
     0
   297
     7
    17
     8
     0
   106
     9
     0
     0
    14
    16
    20
    15
    27
     8
     0
     0
    10
     0
     0
     0
     0
     0
     6
   228
     9
     0
     0
    13
   145
    18
     9
     9
     0
    18
     9
    16
    18
     7
     0
     0
     0
     0
     0
     0
     0
     0
     0
   273
    21
     0
    10
     7
   116
     7
    30
    12
     0
     0
    38
    46
    74
    17
     0
     0
     0
     0
     0
     0
     0
     0
    15
   294
     0
     9
    21
    10
    69
     0
     7
     8
     0
    11
    26
    31
    15
    39
    12
     0
     0
     6
     0
     9
     0
     0
     0
   360
     7
     6
     0
     7
   113
    16
     9
     8
     8
    11
    25
    30
    37
    35
     0
     0
    11
    10
     0
     0
     0
     0
     8
   168
    71
     0
    30
     7
    21
     9
    11
    55
   170
     0
     0
    12
    35
    45
    34
     7
     0
     0
     0
     0
     0
     0
     0
   190
   140
    29
     0
     7
    11
     6
    10
   137
   107
     0
    14
     0
     8
    51
    60
     0
    11
     0
     0
     0
     0
     0
     7
   353
     0
     9
     9
    17
    43
     0
     0
    18
     0
     0
     7
    32
    28
    43
     0
     0
     0
     8
     0
     0
     0
     0
     0
   318
     0
    16
    16
    10
    56
     9
    17
    31
     9
    11
    31
    38
    18
    30
     0
     0
     0
     0
     0
     0
     0
     0
     8
   198
    20
    17
     0
     7
   104
     0
    15
     0
    11
     8
    15
    32
    17
     6
     0
    10
     0
     0
     0
     0
     0
     0
     0
   263
     0
     9
    21
    15
   103
     0
     0
     9
    21
     7
    54
    49
    32
    28
     0
     0
     0
     0
     0
     0
     0
     0
     0
   344
    17
     8
     8
    23
    79
     0
     0
     0
     0
     0
    33
    35
    34
    51
     0
     0
     6
     8
    11
     0
     0
     0
     0
   197
   178
     7
     0
     9
    27
     0
    14
    65
   119
     9
     9
     6
    33
    12
    36
     0
     7
    15
     0
     0
     0
    16
    10
   287
   169
    44
     0
     0
     0
     8
    10
   115
    91
     0
    16
     8
    30
    45
    49
     0
     9
     0
     0
     0
     0
     0
     0
   374
     0
    26
     0
     0
    40
     7
     6
     9
     9
    17
    34
    28
    52
    40
     0
     0
     0
     0
     6
     0
     0
     0
     0
   256
     0
    10
     9
     0
    31
    17
    17
     0
    11
    10
    34
    33
    60
    53
     0
     0
     0
     0
     0
     0
     0
     0
     0
   274
     6
     0
     0
     9
   121
     0
     8
     0
     8
     0
    17
    53
     8
     7
     0
     0
     0
     9
     0
     0
     0
     0
     0
   282
     0
     8
     8
     8
    46
     0
     0
     8
     6
     0
    22
    25
     8
    27
     0
     6
     0
     0
     0
     0
     0
     9
     8
   278
     0
     9
     9
     9
    66
     0
     0
     0
     0
    15
    40
    28
    10
    21
     0
     0
     8
    16
    28
     0
    16
     0
     0
   116
   206
     0
    16
     0
    34
     8
    13
    75
   121
    16
     0
     8
    60
    30
    74
     0
     0
     0
    20
    20
     0
     0
     0
   194
   205
    11
     0
    10
     0
    14
    21
    77
    93
    11
     0
     0
     9
    34
    61
     0
     0
     0
     0
     0
     0
     0
     0
   270
     0
     9
    15
     0
    70
    22
    39
     9
     0
     0
    25
    26
    22
    55
     0
     0
     0
     0
     0
     0
     0
     0
     0
   342
     0
     0
     7
     8
   133
    11
    22
    15
     0
    17
    25
     7
    18
    48
     0
     0
     6
     0
    10
     0
     0
     0
     0
   317
     0
     0
     8
     7
    99
    12
     0
     6
     0
     6
    34
    25
    46
    48
     0
     8
     9
     0
     8
     0
     0
     0
     0
   404
     0
     0
    22
    10
    56
     0
     0
     9
     0
    17
    56
    30
    73
    36
     0
     0
     0
     0
    11
     0
    15
     0
     0
   254
     8
     9
    12
     7
   112
    10
     0
     0
     0
    10
     8
    55
    26
    58
     0
     0
     0
     0
     6
    11
     8
     0
     0
   168
   202
    18
     0
    13
    11
     8
     8
    53
    33
     8
     6
    26
    34
    54
    26
     0
     0
    19
     8
     0
     0
    20
     9
   209
   158
     0
     0
     6
    12
    16
    10
    88
   105
    17
    13
     0
    33
    29
    19
     0
     0
     0
     0
     0
     0
     8
     0
   307
     0
     0
    14
     0
   149
     0
    10
    28
     8
     0
    37
    54
    43
    29
     0
     0
