     0
     8
     0
     0
     0
     0
     0
   284
     0
    17
    10
    16
   123
     0
    30
     7
     0
    19
    38
     7
    50
     8
     0
     0
     0
     0
     0
     8
     0
     0
    12
   399
    16
    15
     8
    18
   107
     0
    12
     0
     0
    10
    47
    25
    51
    54
     0
     0
     0
     0
     0
     0
     0
     0
     0
   266
     0
     0
     7
    11
    90
    17
     0
    16
    11
    13
    57
    48
    25
    48
     0
     0
     0
     0
     9
     0
     0
     0
     0
   296
     7
     8
     0
    15
    94
     0
    11
     0
     0
    10
    32
    23
    41
    63
     0
     0
     0
     7
     0
     0
     0
     0
     0
   313
     0
     7
    10
     7
   157
     0
    14
     6
    17
     0
    36
    42
    32
    31
     0
     9
     0
     7
     0
     0
     0
     0
     0
   198
   178
    10
     0
    21
    17
     0
     0
    83
    57
     9
     9
     0
    36
    39
    36
     8
    12
    17
     8
     0
     0
    16
     7
   190
   218
     8
     0
    19
    21
    33
     0
   140
    71
    16
     8
     0
   105
    51
    28
     0
    10
    11
     0
     0
     0
     0
     9
   359
     6
    16
     8
     0
    84
     0
     9
    10
     0
    17
    11
    71
    59
    59
     0
     0
     0
     0
     0
     0
     0
     0
     0
   242
    19
     0
    17
    16
    96
     0
     0
    19
     0
    28
    39
    53
    26
    24
     0
     0
     0
     0
     0
     0
     0
     0
     0
   379
    16
    18
     9
     0
    97
     0
    18
     0
    19
     7
    47
    39
    57
    31
     0
     0
     0
     0
     0
     0
     0
     0
     0
   337
    19
    10
     0
     8
    89
    23
    18
     9
    29
     9
    31
    45
     9
    14
     6
     6
     0
    10
     6
     8
     8
     0
     0
   350
     0
     0
     0
     0
    98
     0
     0
     0
     7
    18
    35
    10
     0
    24
     0
     6
     0
     0
     9
     0
    21
     0
    26
   206
   235
    21
     8
    25
    12
     0
    11
    95
    86
     0
     0
    26
    35
    46
    27
     9
     0
     6
     0
    19
     9
    16
     0
   217
   168
     0
     8
    15
     0
     0
    15
    89
    47
     0
     8
     7
    29
    41
    30
     0
     8
     9
     0
     0
     0
    11
     0
   321
    10
    30
    24
     8
   108
    21
    23
    14
    15
    18
    33
    36
    44
    37
     0
     7
     0
     0
     0
     0
     0
     0
     0
   278
    11
     9
    17
     0
    87
     0
     0
    20
     9
     0
    51
    25
     0
     0
     0
     0
     0
     0
     0
     0
     0
     0
     0
   311
    28
     0
     6
    13
   143
     0
    12
     0
    15
    16
    17
    71
    16
     0
     9
     0
     0
     7
     0
     0
     0
    11
     0
   300
     0
     0
    19
    14
    99
     0
     0
     0
    17
     0
    46
    18
    21
    34
     6
     0
     0
    10
     0
     0
     8
    12
     0
   318
    12
     8
     9
     0
   140
     9
     9
     0
     0
     7
    39
    37
    35
    51
     0
     0
    10
    10
     0
     0
     0
    25
     0
   175
   169
     0
     0
    16
     8
     8
    11
   111
    36
     0
    34
    31
    30
    48
    41
    10
    10
     0
     0
     0
     0
     0
     7
   126
   224
     0
    17
    15
     0
     0
    18
    34
    96
     8
    25
     6
    22
    46
    33
     0
     0
     8
     0
     8
     0
     0
     0
   258
     0
     0
     9
     0
   122
     6
    10
     0
    12
     9
     0
    31
    47
    55
     0
     0
     7
     0
     0
     0
     0
     0
     0
   352
     6
    24
     7
    15
    93
     0
     0
    35
    16
     8
    40
    38
     9
    63
     0
     9
     7
     6
     0
     0
    10
    16
     0
   320
    14
     0
    17
     0
   103
     0
     8
     7
     0
     0
     6
    34
    14
    43
     8
     0
     0
     6
     0
     0
     6
     0
     0
   319
    12
     6
     0
     0
   114
     0
    34
    11
    10
     6
     8
    28
     8
    61
     0
     0
     0
     0
     0
     0
     0
     0
     0
   405
     0
     6
     8
    27
   111
     8
     9
    19
     9
    10
    74
    43
    21
    28
     0
     7
     0
     0
     0
     0
     0
     0
     0
   140
   248
     7
     0
     6
     0
    10
     0
   124
    62
     0
     0
     9
    62
    45
    22
     7
    20
     0
    14
     0
     0
     7
     0
   238
   268
     8
     0
     7
     0
    16
     0
   124
    77
    27
     8
     0
    51
    61
    42
     0
     0
     8
     0
     9
     0
     0
     0
   379
    15
     8
     0
     9
   138
     0
    20
     0
     0
    19
    29
    21
    52
    29
    12
     6
     0
     0
     0
     0
     0
     0
     0
   293
     9
     0
    20
    18
   110
     0
     7
    16
    14
    35
    26
    25
    31
    14
     0
     0
     0
     0
     8
     7
     0
     9
     0
   344
    26
    15
     7
    17
   138
     0
     7
    47
     7
     0
    34
    48
    32
    31
     0
     0
     0
     0
     0
     0
     0
     0
     8
   296
     0
    16
    14
    26
   100
     9
     0
     7
     7
     8
    22
    35
    67
    19
     0
     0
    10
    11
     0
     0
     0
     0
     0
   392
    35
    10
     9
     0
    64
     8
    16
     0
     7
     0
    31
    10
    48
    50
     0
     0
     0
     0
     7
    21
     8
    11
     0
   117
   107
    17
    10
     8
     0
    19
     7
    68
    65
    17
    14
     0
    28
    91
    20
     0
    17
    28
     8
     0
    10
     0
     0
   248
   214
    12
    18
     0
    16
     0
    19
   126
    74
    28
    13
     8
    68
    32
    45
     0
     0
     0
     0
     0
     0
     0
     0
   328
     0
    17
     8
     0
    63
     6
    15
     0
    16
    28
    29
    54
    35
    15
     0
     0
     0
     0
     8
     0
     0
     0
     0
   320
     0
     6
     0
     8
    74
     9
     0
     6
     8
     7
    19
    71
    10
    19
     0
     0
     0
     0
     0
     7
     0
    11
    15
   292
     8
     9
     0
    10
   132
     0
     0
     0
     0
     6
    40
    31
    20
    51
     0
     0
     0
     0
     0
     0
     0
     0
    11
   426
    19
     0
     0
     8
    97
     0
     0
     0
     0
     0
    34
    53
    35
    37
     8
     0
     0
     0
     0
     9
    10
     0
     0
   376
     9
     0
    26
    15
   100
     6
     7
     0
     0
     0
    46
    29
    18
    22
     0
    26
     0
     0
     0
     8
     0
     0
     0
   106
   176
     0
     9
    10
    10
    10
    11
    98
    91
     7
    11
    14
     0
    60
    48
     0
     0
     0
     7
    22
     0
     0
     9
   163
   107
     0
     0
     0
     0
     7
     9
    86
    93
    13
     6
    18
     0
    58
    17
     0
    11
     0
     0
     0
     6
     8
     0
   257
     0
    22
     9
     0
   140
    19
     7
     0
     7
     9
    66
     0
    11
    35
     8
     7
     0
     0
     0
     0
     0
     0
     0
   360
     6
    34
    23
    19
    92
     0
     7
     9
     8
    26
    23
    25
    51
    28
     0
     0
     0
     0
     0
     0
     0
     0
     0
   301
    19
     0
    24
     6
   150
    10
     9
    17
     0
     0
    36
    14
    43
    39
     6
     0
    16
     0
     8
     0
     0
     7
     0
   341
     7
    24
     0
     7
    71
    13
     0
    11
     8
     0
    11
    61
    26
     9
     0
     0
     0
     0
     0
     0
     0
     0
     0
   284
     0
     0
    17
     0
    75
     0
    11
    12
     7
    15
    25
    30
    31
    14
     0
     0
    10
     0
     0
     0
     9
     6
     6
   210
   206
     0
     8
    16
     8
    10
    26
    83
    89
     6
    19
    10
    28
    23
    49
    15
     0
     0
     0
     9
     0
     0
     6
   195
   237
     9
     7
    14
     0
     9
    18
   196
    93
     8
     0
    26
    62
    29
    24
     0
     8
     0
     0
     0
     8
     0
     0
   333
     7
    39
     0
     0
    73
     0
    15
     0
     7
     0
    35
    30
    22
     0
     0
     0
     0
     0
     0
     0
     0
     0
     0
   361
    14
    17
    12
     6
   145
     0
    21
     0
     9
    17
    57
    51
    16
    31
     0
     0
     0
     0
     0
     0
     0
     0
     7
   398
    12
     0
     0
     0
    93
     8
    13
    10
     9
     8
    21
    33
    17
    50
     0
     0
     0
     9
     0
     7
     0
     6
     0
   358
     8
     0
    16
     9
   140
     0
     0
     8
    10
    18
    23
    38
    35
     9
     0
    10
    10
     0
     0
     0
     0
     7
     0
   291
     9
    24
     6
     0
   174
     0
     0
    13
     6
     8
    26
    13
    48
    18
     0
    10
     0
    30
     0
     0
     0
     9
     0
   160
   130
    24
     7
    10
     9
     0
    10
    91
    23
     0
     9
     7
    19
    63
    10
     8
     8
     0
     8
     0
     0
     9
     0
   291
    71
     7
     8
     7
     9
     7
     8
    86
    72
     9
     0
     0
    46
    18
    42
     0
     0
     0
     0
     0
    14
     0
     0
   237
    15
     7
     0
     0
   114
     0
    22
     0
     0
     0
    19
     7
    15
     0
     0
     7
     0
     0
     7
     0
     0
     0
     0
   271
     7
     0
     0
     0
   101
     0
    16
    10
     7
     7
    27
    15
     8
    52
     7
     0
     0
     0
     0
     7
     0
     0
     0
   298
     9
     8
     9
    17
   126
     9
     0
    10
     0
     7
    38
    22
    19
    40
     0
     0
     0
     0
     7
     0
     0
     0
     0
   300
    16
     7
     9
     0
   112
     6
     7
     6
     0
     8
    25
    23
    30
    97
     0
     0
     0
     0
     0
     6
     0
     0
     0
   352
     7
    34
    11
     8
   110
     9
     0
     7
    29
     6
    21
    24
    15
    25
     9
     0
     0
     0
     0
     0
     0
     0
     0
   177
   212
    26
     0
    18
     6
     9
     0
    23
   130
     8
     9
    14
    11
    21
    56
    16
    11
    15
     7
    10
    16
    12
     0
   255
   190
     8
    18
     0
     6
     6
    15
   148
    92
     0
    20
     6
    29
    17
    28
     0
     0
     0
     0
     0
     0
     0
     0
   425
    18
    17
     0
     0
   127
    20
     0
     7
     9
     6
    24
    23
    48
    26
     0
    10
     9
     0
     0
     7
     0
     8
     0
   282
     0
     6
     0
     6
   114
    17
     0
     0
    13
     0
    26
     7
    59
    56
    16
     0
     0
     0
     0
     0
     0
     0
     0
   356
     0
     0
     0
     9
    93
     7
    29
    16
     0
     0
    23
    19
    34
    41
     0
     0
     0
     0
     0
     0
     0
     0
     0
   295
     9
    10
    27
     6
   149
    11
    10
     7
    27
    10
    39
    55
    15
    18
     0
     0
     7
     0
     0
     0
     0
     0
     0
   355
     0
    10
     7
    33
    75
     8
     7
    10
     9
     6
    44
    61
    32
    36
     0
     8
     0
     0
     0
     0
    16
     0
     0
   168
   193
     0
    21
     7
    12
    14
    15
    81
    92
     6
     0
     6
    34
    23
    19
     0
     0
     9
     9
     0
     9
     8
     0
   207
   182
     8
     0
     7
     9
    15
    26
   116
   124
    15
    13
     9
    57
    54
    60
     0
    11
     0
     0
     0
     0
     0
     0
   288
     0
    15
    31
    15
   169
     0
     0
     8
    16
     0
    85
    43
     7
    41
     0
     8
     0
     7
     0
     8
     0
     0
     8
   346
     0
     7
    26
     9
   128
    15
     9
     0
    16
     0
    38
    29
    57
    12
     0
     0
     0
     6
     0
     0
     0
     0
     0
   345
     0
    23
     8
    20
   136
    26
     0
     9
     7
    11
     0
    29
    25
    36
     0
     0
     0
     0
     9
     7
     0
     0
     0
   309
     0
     9
     0
     0
   126
     0
     6
     0
     0
     0
    53
    37
    57
    41
     0
     0
     0
     0
     0
     0
     0
     0
     0
   377
     9
     0
     0
    10
    75
    23
     8
     0
    29
     0
    42
    39
    36
    16
     6
     8
     0
     0
     0
     0
    14
    29
     0
   225
   229
    12
    16
     6
     9
     0
     6
    41
   172
    42
     6
    17
    54
    24
    22
     0
     0
     0
     7
     0
     6
     9
     0
   266
    74
     8
     0
    18
    18
     0
     9
   144
    65
    16
     6
    21
    36
    17
    40
     0
     0
     0
     0
     0
     0
     0
     0
   246
    20
    15
     8
    10
   103
     8
     0
    15
     0
     8
    35
    38
    29
    58
     0
     0
     0
     0
     0
     0
     7
     0
     0
   369
    31
    22
     0
    15
   119
     0
     0
    14
    15
    11
    26
    24
    36
    32
     0
     0
     9
     0
     0
     0
     0
     0
     8
   378
     9
     7
     7
     8
    96
     0
     0
    16
    12
    13
    18
    32
    33
    37
     0
     0
     9
     0
     0
     0
     0
     0
     0
   325
     6
    16
     0
    12
    57
    24
     8
     0
    19
    26
    72
    27
     0
    47
     0
    10
     0
     0
     0
     6
     0
     9
     0
   326
     8
    10
    43
    17
    88
     8
    35
     0
     0
    16
    36
    68
    15
    19
     0
     0
     0
     6
     0
     0
     0
     0
    11
   171
   227
     9
    11
     0
     8
    17
    26
   121
   109
     0
     6
     0
    20
    66
    45
     0
     9
     0
     7
     0
     0
     8
     0
   141
   160
     0
    14
     7
    11
    13
    15
    67
    51
     9
     9
    10
    30
    31
    53
     0
     0
    11
     0
     0
    10
     6
     0
   259
    17
    10
     8
    18
   143
     0
    10
     0
     9
    18
     7
    47
    22
    47
     8
     0
     8
     0
     0
     0
     0
     0
     0
   256
     0
     0
     7
     0
   197
     6
     0
     8
     0
    21
    38
    32
    46
    32
     0
     0
     0
     0
     0
     0
     0
     0
     0
   303
     0
     0
     0
     0
   108
     0
     7
     0
     0
     0
    13
    34
    32
    52
     0
     0
     0
     9
     0
     0
     0
     0
     0
   289
     0
    19
    16
    15
    49
     7
    19
     9
     0
     0
    14
    61
    34
    33
     0
     0
     0
     0
     0
     6
     0
    10
     7
   341
    37
    17
    17
    12
   116
    14
    12
     0
    17
     0
    32
    33
    11
    20
    10
     0
     0
     6
     0
    18
     0
     0
    12
   206
   174
     7
     0
    12
    17
    11
     0
    78
    90
     7
     0
    25
    16
    12
    41
     0
     8
     0
     0
     0
     0
    10
     0
   216
   250
    12
    19
     0
     8
     0
     0
   127
   141
     8
     7
     8
    37
    29
     0
     0
     0
     0
     0
     0
     0
     0
     8
   308
    22
     7
     8
     0
    84
    10
    14
    24
    24
    27
    21
    31
    27
    20
     0
     8
     0
     0
     6
     0
     0
    11
     0
   285
    24
     0
     0
     0
    93
    17
     0
    23
    10
     8
    18
    27
    36
    60
     0
     0
     0
     7
     0
     0
     0
     0
     0
   303
    10
     7
     0
    16
    90
    10
     7
     8
     0
     0
    19
    10
    44
    20
     6
     0
     0
     0
     0
     0
     0
     0
     0
   300
     8
    18
     8
     8
    74
    20
     0
     0
     0
     0
    21
    36
    40
    61
     0
     0
     0
     0
     0
     0
     0
     0
     0
   352
     0
     0
     0
    15
    81
     8
     0
     7
     0
     0
    44
    35
    32
    38
     0
     0
     0
     0
     0
     0
     8
     0
     0
   241
   241
     8
     6
     7
    10
    10
     0
   119
   142
     0
     0
     0
    26
    17
    38
    21
    11
     0
     0
     0
     9
     0
     0
   203
   260
    14
    11
    18
    15
     0
    10
    55
    36
     9
    30
     7
    47
    25
    19
     0
     0
     0
     0
     0
     0
     0
     0
   247
     8
     0
     0
    11
    96
     9
     0
     6
     8
     8
    45
    48
    27
    30
     6
     0
     0
     0
     0
     0
     0
     0
     0
   385
     0
    26
    27
     9
   110
     6
     7
    11
     8
     0
    32
    41
    37
    56
     0
    10
    10
     0
     0
     8
     0
     0
     0
   399
    21
     0
     0
    21
    80
    22
    19
    11
    17
     0
    25
    67
    12
    29
     0
     0
     0
     0
     0
     0
     0
     0
     0
   259
     9
    21
    10
     0
   110
    14
     8
    15
     0
     0
    11
     0
     6
    20
     0
     0
    19
    10
     0
     0
     0
     0
     6
   299
    18
    10
     0
    16
   112
    20
     0
    10
     9
     6
    24
    40
    55
     8
     0
    18
    10
    19
     0
     0
     0
    10
    10
   164
   178
     7
     0
     9
     0
     8
     0
   113
   158
     7
     0
    11
    24
    37
    18
     0
     0
     0
     0
     0
     0
     0
     0
   177
   108
    10
     6
     0
     8
    18
    10
    54
    93
    29
    21
    10
    65
    43
    59
     0
     0
     0
     0
     0
     0
     0
     0
   324
    33
     0
     0
    41
   131
     0
    10
     7
     0
     0
    30
    34
     6
    32
     0
    11
     0
     0
     7
     0
    10
     0
     0
   295
     0
     9
     9
     0
    72
     6
     8
     8
     8
    10
    36
    25
    22
    25
     0
     0
     0
     0
     0
    10
     0
     0
     0
   319
     7
    10
     0
     0
   101
    10
     9
     8
    19
    10
    56
    37
    57
     7
     0
     0
     0
     0
     0
     0
     0
     0
     0
   320
    23
     9
     0
     0
   101
     9
     7
    11
     0
     0
    37
    69
    52
    30
     0
     0
     0
     0
     0
     0
     0
     0
     0
   345
     0
     9
     0
     0
   149
    17
    15
     8
     0
    15
     8
    15
    64
    46
     0
     7
     0
     0
     0
     0
     0
     7
     0
   243
   123
    32
     0
    22
     0
     0
    24
    82
    64
    22
    10
     8
    27
    73
    40
     0
     0
     0
     0
     8
     0
    18
    10
   239
   119
     0
     0
     0
     0
    11
    16
   115
   116
     0
    17
    25
    24
    38
    40
     0
     0
     0
     0
    19
     0
     0
     0
   238
     0
    16
     0
     0
    91
     0
    16
     0
     8
     0
    25
    37
    33
    36
     0
     0
     0
     0
     0
     0
     0
     0
     7
   261
     0
     0
     0
     0
   143
    21
     6
    10
     8
    10
    39
    16
     9
    34
     0
     6
     0
     0
     0
     0
     0
     0
     0
   360
    24
     0
     0
     0
    83
     6
     0
     7
     0
     0
     0
    12
    33
    15
     0
     0
     8
     0
     0
     0
     0
     7
     0
   282
    15
     6
    17
     0
    88
    16
     0
    10
     7
     9
    10
    29
    59
     6
     0
     0
     0
    15
     0
     0
     0
     0
     0
   397
     0
     9
    26
     0
    89
    13
     8
     8
     0
     0
     8
    16
    35
     7
     8
     0
    16
    10
    10
    19
     6
     0
     0
   137
   177
    11
    42
     6
     0
     0
    10
    86
   114
     9
     0
     8
    31
    26
    27
    10
     0
     0
     7
     0
     6
     0
     0
   108
   137
     7
     0
    17
     7
     0
     9
   123
    81
    10
     9
     8
    52
    39
    61
     0
     0
     0
     0
     0
     0
     0
     0
   321
     0
     0
    11
     0
    79
     0
     0
     7
    11
    20
     8
    30
    28
    28
     0
     0
     0
     0
     0
     8
     0
     0
     8
   361
    32
     7
     0
     0
   111
     0
    12
     7
     8
     8
    32
    45
    35
    51
     0
     0
     6
     0
     0
     0
     0
     6
     0
   279
     0
     0
     0
     0
    78
     6
     9
     8
     0
     8
    57
     7
    14
    60
     7
     0
     7
    19
     0
     0
     0
    10
     0
   317
    19
     0
     0
    10
    63
     0
     0
     0
     0
     0
    35
    26
    56
    13
     0
     0
     8
     0
     0
     0
     0
     9
     0
   193
    13
    21
     8
    12
   118
     0
    12
     0
    41
    16
    31
    44
     0
    13
     0
     0
     0
     0
     0
     6
     0
     0
     0
   203
   163
     0
     9
    14
     7
     0
     9
    60
    49
     0
     8
     0
    33
    50
    65
     0
     0
     0
     0
     0
     0
     9
     0
   170
    73
     7
     8
     0
     0
    20
    25
    81
    79
    16
     0
     0
    44
    33
    65
     0
     0
     0
     0
     0
     0
     0
     7
   398
     7
     0
    16
     7
   107
     7
     0
     0
     0
     6
    50
    61
    34
    10
     0
    10
     0
     0
     9
     0
     0
     0
     0
   335
    17
     7
     0
    20
   114
    19
     9
     0
     7
     0
    64
    29
    41
    12
     0
    12
    10
     8
     0
     0
     0
     0
     0
   241
    28
     8
     0
     0
    62
     0
     7
    17
     0
    21
    43
    19
    23
    34
     0
     0
     0
     8
     0
     0
    10
     0
     0
   293
     0
     0
    19
    10
   103
     0
    17
     0
    14
     6
     8
    75
    38
     9
     0
     0
     0
     0
    10
     0
     0
     0
     0
   402
    19
     0
    16
     0
   109
     0
    11
    11
     8
    10
     0
    24
    60
    23
     0
     0
     0
     0
     0
     0
     0
    10
     0
   139
   235
    15
     8
     0
    27
     0
     0
    36
    26
     0
    35
     8
    39
    54
    32
     0
     0
     0
     8
     8
     7
     0
     0
   184
   144
     8
    19
     9
    10
     7
    10
    61
   108
    28
     6
    10
    10
    45
    13
     0
     0
     0
     0
     0
     0
     0
     0
   264
    11
    11
     0
    10
    58
    19
     0
    11
     0
     0
    10
    31
    25
    54
     0
    21
     0
     0
     0
     0
     0
     0
     0
   281
    37
     0
     8
    10
   122
    10
     8
    16
    10
     8
    26
    20
    42
    47
     0
     0
     0
     0
     0
     0
     8
     0
     0
   298
     0
     8
     8
     0
    69
     0
     0
    19
    21
     0
    48
    33
    52
    14
     9
     0
     0
     0
     0
     8
     7
     7
     0
   297
     0
     0
    10
     8
   102
    18
     8
    29
     7
     9
    37
    42
    31
    72
     0
     9
     0
     0
     7
     0
     6
     6
     9
   195
     0
     0
     0
     7
    81
     0
    29
     9
     7
     0
    24
    63
     0
    20
     0
     0
     0
     0
     8
     8
     0
     0
     0
   131
   212
    17
     8
     8
    17
    10
    11
    77
    86
     0
     0
    24
    47
    58
    47
     8
     0
     8
     0
     0
     9
     0
     0
   213
   137
    30
     8
     0
     0
     0
    15
    85
    99
    18
    35
    18
    38
    22
    40
     0
     0
     0
     0
     0
     0
     0
     0
   351
     9
     0
     9
    21
   117
     6
     0
     0
     7
    11
    34
    32
    59
    61
     0
    14
     0
     0
     0
     9
     0
     0
     9
   353
     0
    26
     6
    16
   100
     7
     0
     0
     7
     0
    17
    35
    30
    22
     0
     0
    10
     6
     0
     0
     0
     0
     0
   314
     0
    22
     6
    22
    95
     7
     0
     0
     0
     0
    19
    54
    30
    26
     0
     0
     0
     0
     6
     0
     0
     0
     0
   280
     0
     7
     8
    20
   121
    16
     9
    13
    10
     0
    34
    26
    25
    31
     0
     0
     0
     0
     0
     0
     0
     0
     0
   340
     8
     0
    10
    12
   100
     0
    18
     8
    17
     7
    19
    35
    65
    23
     0
     0
     0
     0
     0
     0
     0
     0
     0
   197
   156
     8
    11
     7
     0
    17
    14
   112
   182
     0
     6
    10
    27
    40
    38
     0
     0
     8
     0
     0
     0
     9
     0
   175
   138
     0
     0
    16
     8
    15
     0
    92
   105
     0
    19
     0
    25
     0
    25
     0
     0
     0
     0
    12
     0
    13
     6
   389
    18
    11
    20
     0
    80
     0
    23
     0
     9
    11
    16
    25
    38
    72
     0
     0
     0
     0
     9
     0
     0
     8
     0
   265
    11
     9
     0
    11
    52
     7
    17
     8
    16
     9
    50
    13
    67
    19
    11
     0
     0
     8
     0
    10
     0
     7
     6
   318
     7
     0
    14
     0
    74
     0
     0
    10
     0
     8
    26
    46
    37
    50
     0
     0
     0
     0
     0
     7
     0
     8
     0
   262
    20
     0
     0
     0
    86
    17
     0
    26
     0
     0
    38
    34
    41
    49
     6
    15
     0
     0
     9
     0
     0
     0
     0
   336
    23
     0
     0
     7
    70
     0
     0
     8
    17
     8
    26
     6
    40
    49
     9
    19
    11
    10
     9
    14
     0
     0
     0
   183
   154
     0
     9
     0
     0
     0
    21
    82
    38
     0
    20
     8
     9
    19
    40
     0
     0
     9
     0
     0
     0
    10
     0
   175
   267
     7
    19
     0
    47
     8
     0
    58
    91
    10
     7
     0
    40
    42
    50
     0
     0
     7
     0
     0
     0
    10
     0
   212
    22
     0
    27
     0
    91
    20
     6
     0
     6
     6
    15
    32
    24
    14
     0
     0
     0
     0
     0
     0
     0
     0
     0
   331
    14
     0
    16
     0
   100
     6
    15
     0
    18
     8
    14
    34
    34
    50
     0
     0
     0
     0
     0
     0
     8
     0
     0
   231
     0
     0
    16
     0
    56
    15
    19
     0
    15
     0
    32
    35
    44
    36
     0
     0
     7
     0
     0
    16
     0
     0
     0
   278
     0
     0
     9
     0
   131
     0
     6
     0
     9
    14
    33
    34
    28
    38
     0
     0
     0
     0
     0
     0
     0
     0
     9
   269
     8
     0
     8
     0
   112
    18
    10
     0
     0
     0
    27
    15
    29
    20
     0
     9
     0
     7
     8
     0
     0
     8
     0
   148
   166
    15
     0
     0
    10
     0
     8
    76
    52
     0
     8
    15
    29
    45
     8
     0
    15
     0
     0
     8
     0
     0
     0
   199
   195
    17
     0
     7
     9
    10
     9
   102
    49
    22
    10
    14
    25
    36
    41
     0
     0
     0
     0
     9
     0
     0
     0
   225
     0
    18
     8
     9
   117
     0
     0
    11
     7
     9
    29
    34
    26
    33
     0
     0
     0
     0
     0
     0
     0
     0
     0
   363
     0
     9
     0
     8
    94
    16
     9
     8
     0
    17
    76
    35
     8
    57
     7
     0
     0
     7
     0
     8
     7
     0
    10
   255
    11
     0
     6
     0
   107
     0
    17
     9
     6
     6
    51
    31
    10
    49
     0
     8
     0
     0
    12
     0
     0
     0
     0
   191
     7
    18
    15
     7
    84
     0
     0
     0
     7
     0
    45
    32
    27
    22
     0
     0
     0
     0
     8
     0
     0
     0
     0
   271
    17
     8
    15
     6
    76
     9
    10
    20
     9
    13
    33
    26
    45
    26
     0
     0
     0
     0
     0
     7
     0
     0
     0
   137
   120
     6
    14
    15
     0
    12
     0
    77
    85
    15
    10
     9
    23
    36
    22
     0
     0
     7
     0
     0
     0
    11
     7
   178
   144
     0
     6
     0
    18
    14
     0
    27
   110
     0
     0
     0
    33
    29
    55
     0
     0
     0
    10
     0
     0
     0
    10
   341
     0
     8
     0
     0
    48
     0
    14
     0
     0
     8
    45
    38
    41
    17
     0
     0
     0
     0
     0
     0
     0
     0
     0
   209
     0
     0
    34
     0
    38
     0
     0
    14
     0
     0
    61
    27
     8
    37
     0
     0
     0
     0
    17
     0
     0
     0
     0
   300
     0
     8
     9
    10
   116
     7
     0
    12
     0
     0
     7
    34
    32
    21
     0
     0
     0
     0
     0
     0
     0
     0
     0
   221
    16
     8
     6
     0
    97
     7
     0
     9
    16
     0
    38
    23
    26
     0
     0
     0
     0
     0
     9
    11
     0
     0
     0
   276
     7
    24
     0
     0
    87
     0
     7
     0
     7
    15
    27
    33
    25
     8
     0
     0
     0
     0
     0
     0
     7
     0
     0
   157
   185
     9
    18
     0
     0
    11
     0
    92
   110
     6
     8
     6
     0
    34
     6
     0
    11
     9
     0
     8
     0
     0
     0
   153
   157
    14
     7
     0
     6
     8
     6
    99
    59
    19
     0
    16
    78
    48
    33
     0
     0
     0
     0
     0
     0
     0
     0
   224
    27
     0
    17
     9
    71
    19
    25
    24
    17
     0
    35
    34
    45
    19
     0
     0
     0
     0
     0
     0
     0
    26
     0
   279
    11
     8
     9
     0
    74
     0
     7
    23
    19
     0
    35
     8
    28
    39
     0
     0
     0
     0
     0
     0
     0
     0
     0
   291
     0
     0
    18
     8
    81
     8
    11
     0
     7
     8
    32
    16
     8
    34
     0
     0
     0
     0
     0
     0
     0
     0
     0
   365
    18
     6
    30
    17
    79
    34
     7
     9
     0
     9
    41
    16
    35
    45
     0
     0
     0
     0
     0
     0
     0
     0
     0
   325
    13
     0
     0
     0
    74
    19
     0
    10
    11
     0
    42
    20
    16
    57
     0
     0
     0
     0
     0
     7
     8
     6
     0
   154
    76
     6
    11
     7
     0
     7
    11
    48
    42
    16
    17
     0
     7
    36
    90
     0
     0
     0
     0
     0
    10
     8
     0
   148
    84
     9
     0
     8
    12
     8
     0
    69
   105
     9
     0
    19
    41
     8
    51
     7
    18
     0
     0
     0
     7
     0
     0
   229
    24
     0
    30
     0
   125
     0
     8
     0
     0
     0
    55
    41
    43
    15
     0
     0
     0
     0
     0
     8
     0
     0
     0
   292
     0
     8
    10
    11
   100
     0
     8
    10
    12
    14
    14
    45
    34
    17
     0
     0
     0
     0
     0
     0
     0
     0
     0
   268
    19
     8
     0
     6
    81
     0
    15
    15
    14
     8
    43
    16
    17
    22
     0
     0
     0
     0
     0
     0
     0
     0
     0
   348
     0
     9
    10
    26
   118
    11
     0
    14
     8
     0
    33
    28
    32
    62
     0
     0
     0
    10
     0
     8
     0
     0
     0
   337
     0
    39
    11
     0
    99
     0
     0
     7
     0
     0
    15
    16
    15
    51
     0
     0
     9
     0
    15
    12
     0
     0
     0
   116
   152
     9
     8
    14
     0
     0
     0
    99
    56
    23
    24
    35
    65
    26
    22
     0
     0
    19
     8
     0
     0
     0
     0
   205
   177
    20
     0
    13
     9
     9
     9
    42
    75
     8
     0
    12
    17
    32
    15
     0
     0
     0
     0
     0
    18
     0
     0
   311
     7
     0
     0
    20
    84
     6
     0
     0
     0
     8
    33
    10
    47
    36
     0
     0
     0
     0
     7
     0
     0
     0
     0
   257
     7
     9
    17
     7
   109
     9
     0
    15
     0
     6
    26
    42
    19
    25
     0
     0
     0
     0
     0
     0
     8
     9
     0
   246
     9
     9
     9
     0
    35
     0
     0
    16
    18
     9
    17
    18
    12
    40
     0
     0
     0
     0
     8
     0
     0
     0
     0
   280
    27
     7
    13
    16
    67
     0
     0
     8
     6
     0
    21
    56
    19
    33
     0
     0
     0
     8
     9
     0
     0
     0
     0
   282
     9
     9
     9
     9
    88
     0
     0
    28
     0
     8
     0
    62
    31
    19
     0
     0
     6
     0
     0
     0
     0
     0
     0
   138
    95
    20
    18
     6
     8
     6
     9
   104
    85
     0
    15
    16
    43
    35
    34
     8
     0
     8
     8
     9
     0
     8
     0
    97
   159
    10
     7
    14
     9
    14
    30
   118
    44
     0
     0
     0
    44
    39
    16
     0
     0
     0
    10
     0
     0
     0
     0
   278
     0
     0
     0
     0
    57
     8
     0
     0
     0
     9
     0
    18
    39
    26
     0
     0
     0
     0
     0
    18
     0
     0
     0
   276
     8
     8
     6
    15
    58
     8
     0
    18
     9
    17
    20
    47
    72
    15
     0
     0
     0
     0
     0
     0
     0
     0
     0
   250
     0
     0
     0
     7
    44
    10
     0
     7
     0
     7
    45
    27
    49
    46
     0
     0
     0
     0
     0
     0
     0
     0
     0
   280
     0
     9
    14
     0
    56
     9
    25
     0
    16
    12
    55
    52
     8
    14
     0
     0
     0
     0
     0
     0
     0
     0
     0
   306
     0
    27
    17
     7
    41
    12
     8
     7
    11
     0
    20
    38
    32
    49
     0
     0
     0
    23
     0
     9
     0
     0
     0
    87
   155
     8
     0
    28
     8
    15
    16
    45
    92
    11
    19
     8
    11
    72
    57
     0
     0
     7
     0
    21
     0
     0
     0
   176
   134
     0
    20
     0
     7
     6
    13
    95
    49
    22
     0
     9
    68
     0
    62
     0
     9
     0
    11
     0
     0
     0
     0
   281
     7
    10
     6
     0
    89
    16
     0
     0
    13
    18
    36
    44
    20
    33
     0
     0
     0
     0
     0
     0
     0
     0
     9
   385
     8
     7
     6
    12
    97
     0
    19
     0
     0
     9
    25
    37
    26
     9
     0
     0
     0
     0
     0
     0
     0
     0
     0
   354
    33
    10
     9
    17
   122
     8
     0
    14
     0
     0
    57
    16
    35
    37
     0
     0
     0
     0
     0
     0
     0
     0
     0
   218
     8
    15
     0
     0
   122
     0
     6
     8
    10
    11
    20
     8
    32
    29
     0
     0
     0
     7
     0
     0
     0
     0
     0
   268
     0
     0
     0
     7
    85
    15
     0
    15
     0
     0
    11
    26
    35
    17
     0
     0
     7
    10
     0
     8
     8
     7
     7
   170
   197
    20
     0
     0
    19
    17
     0
    64
    80
    20
     9
    11
    67
    37
    85
    10
     0
     0
     8
     8
     0
     8
     0
   195
   244
     8
    33
     0
    18
    16
     0
    63
    82
    28
    18
     0
    39
    28
    37
     0
     9
     8
    10
     0
     0
     0
     0
   321
    11
    13
    11
     0
   111
     0
     0
    20
     0
     0
    26
    37
    28
    28
     7
     0
     0
     0
     0
     0
     0
     0
     0
   270
     0
    14
     7
     7
    73
     0
     9
     6
     6
     0
    26
    23
    29
    10
     0
     0
     0
     0
     0
    11
     0
     0
     0
   264
     0
    27
    16
    18
    99
     0
     9
     0
     8
     8
     8
    19
    32
     7
     0
     0
     0
     0
     0
     0
     0
    18
     9
   300
     8
     7
     0
     0
   140
     0
    28
     0
     9
     0
    20
    49
    40
    17
     0
     0
     0
     6
     0
     0
     0
     0
    22
   331
    19
     9
     0
    22
    84
     6
    12
    10
     0
    17
    68
    37
    25
    10
     0
    14
     0
     0
     0
     0
     0
     0
     0
   102
   139
     0
     6
    10
     0
     0
     6
    92
   163
     8
     8
     0
    30
    34
    26
     0
    12
     8
     0
     0
     8
     0
     0
   167
   135
     0
    17
     6
    11
    18
    19
    65
    59
    15
    10
     0
     6
    44
    20
     0
     0
     9
     0
     0
     0
     0
     0
   251
     9
     0
    10
     6
    71
     0
    16
     8
     0
    10
    52
    35
     8
    29
     0
     0
     0
    15
     0
     0
     0
     0
     0
   191
     0
     0
    26
    19
    76
     0
    20
     9
     6
    10
    15
     8
    16
    29
     0
     0
     0
     0
     0
     0
     0
     0
     9
   296
     7
    21
     6
    21
    80
     6
     0
     0
     6
     0
    31
    62
    27
    65
     0
     0
     0
     0
     0
     0
     0
     0
     0
   256
     0
    19
     0
     0
   125
    19
    17
     0
     8
    10
    42
    25
    31
    33
     0
     0
     0
     0
     0
     6
     0
     0
     0
   201
     8
     0
     0
     0
    61
     0
     0
     0
    22
     9
    46
    39
     8
    17
     0
     0
     0
     7
     0
    10
     0
    13
     0
   191
   126
    12
    15
    12
     0
    20
    17
    62
    95
    11
     8
     7
    25
    17
    34
     0
     0
    10
     0
     0
     0
     6
     6
   113
   163
     8
     0
     9
     0
    10
    10
    81
    96
    28
    10
     0
     8
    18
    56
     0
     0
     0
     0
     0
     0
     0
     7
   251
     0
    12
     0
     0
   103
     0
     6
    11
     0
     6
    19
    43
    55
     7
     0
     0
     0
     0
     0
    11
     0
     0
     0
   262
    23
     0
     0
    16
    71
     8
     0
    10
    25
     6
    23
    25
    29
    20
     0
     0
     0
     0
    11
     0
     0
     0
     0
   254
    10
     0
    18
    36
    87
     9
    11
     6
     0
    22
    35
    10
    34
    33
     9
     0
     0
     0
     0
     0
    15
     0
     0
   191
     0
    22
    14
    25
    57
     0
     0
     0
    19
     0
    49
    18
    37
    55
     0
     9
     8
     0
     0
     0
     0
     0
     0
   191
    19
     0
    17
     8
   140
    13
    18
    10
     6
     0
    52
    35
    76
    65
     0
     0
     0
     0
     0
     0
     0
     0
     0
   139
   175
     9
     0
     0
    21
     0
     7
    94
    88
     8
    19
     0
    32
    11
    66
     0
     9
     0
     0
     0
    16
     0
     0
   158
   160
    21
     7
     0
    17
    13
     0
    71
   101
    19
    28
     0
    25
    29
    29
     9
     0
     0
     0
     9
     0
     0
     0
   239
     7
    13
     9
    15
    39
     0
     7
    10
    10
    18
    20
    23
     7
    21
     0
     0
     0
     0
     8
     9
     0
     0
     0
   272
     0
     9
    27
    11
    64
    11
     0
    10
     6
    25
    47
    25
    41
     7
     0
     0
     0
     0
     0
     0
     0
     0
     8
   232
     0
     9
    17
    15
   140
     0
    18
    17
     7
     8
    24
    57
    42
    41
     0
     0
     0
     0
     0
     0
     0
     0
     0
   234
    20
     0
     0
     8
    98
     0
     6
    10
     0
     0
    11
    15
    21
    18
     9
     0
     0
     9
     0
     0
     0
     0
     0
   231
     0
     6
     0
     9
    85
     0
    22
    19
    26
     6
    17
    54
    46
    44
    11
     0
     6
     0
     0
     0
     0
     0
     0
   185
   247
     0
    19
     0
     6
     0
    13
    95
   126
     9
    17
     0
    36
    28
    38
     0
     0
     8
     0
     0
     0
    15
    10
   115
   221
     0
    27
    12
    14
     0
     7
   110
    91
     0
     0
     0
    53
    71
    50
     0
     6
     0
     0
     0
     0
     0
     0
   356
     0
    12
    18
     0
    58
     0
     8
    39
     0
     0
     8
    52
    60
    18
     0
     0
     6
     0
     0
     0
     0
     0
     0
   248
    12
     0
     7
     8
    63
     0
    10
     0
    38
     6
    25
    49
     0
    26
     7
     0
     0
     0
     0
     0
     0
     0
     0
   324
     7
     6
     0
     9
    88
     0
    10
     0
     6
     8
    17
     6
    30
     8
     0
     0
     0
     0
     0
     0
     0
     0
     0
   325
     0
     0
     8
    12
   121
    24
     9
     9
    11
    14
    27
    15
    34
    35
     0
     9
     0
     0
     0
     0
     0
     0
     0
   252
     6
     0
     0
     6
    68
     7
     9
    15
     0
     8
    18
    15
    39
    24
     0
     8
     0
     0
     0
     0
     0
     7
     0
   138
   209
    25
     0
     9
    14
    16
     0
    94
    81
     7
    10
    26
    26
    47
    49
     0
     6
     8
     7
     0
     0
     0
     0
   198
   169
     0
     0
     0
    16
     0
     0
    45
   115
     6
     0
     8
    52
    27
    15
     0
     0
     0
     0
     0
     0
     8
     7
   325
     9
     0
     8
    10
    27
     0
     7
    12
     0
     6
    23
    50
    16
    30
     0
     7
     0
     0
     0
     0
     0
     0
    12
   216
     7
     9
     8
     7
    56
     8
     0
    28
     0
     7
    30
    38
    28
    19
     0
     0
     0
     0
     0
     0
     0
     0
     0
   296
     0
     0
     0
     0
   116
     0
    26
     0
    44
    16
    33
    50
     9
     6
     0
     0
     0
     6
     0
     0
    11
     0
     0
   337
     0
     0
     7
    12
    91
    18
    28
    10
    22
    11
     9
    15
    17
    40
     0
     0
     0
     0
     0
     0
     0
     0
     0
   348
    11
     8
    19
     6
   119
     6
     7
    16
     0
     0
    23
    45
     0
    45
     0
     0
     6
     0
     0
     7
     0
     0
     7
   156
   152
     0
     6
     0
     8
    10
     0
    76
    81
     0
    27
    11
    45
    36
    19
    16
     0
     0
     0
    21
     9
    10
     8
   135
   195
     9
     7
    19
     7
     7
     9
    76
    98
    10
     0
     6
    50
     8
    33
     0
     0
     0
     0
     0
     0
     0
     0
   251
    29
    13
     0
    10
    93
    10
     0
    15
    10
     0
    24
    10
    19
    14
     9
     0
     7
     0
     0
     0
     0
     0
     0
   226
     8
     0
     0
     9
   148
    22
     7
    19
    11
     0
    18
    14
    51
     9
     0
     0
     0
     0
     0
     0
     0
     0
     0
   307
     9
     7
     8
     8
   119
    12
     0
     0
     0
     0
    29
    38
    20
    24
     0
     0
     0
     7
     0
     0
     0
     0
     9
   306
    19
     8
     0
    19
    99
     0
     0
     0
     0
     0
    47
    16
     8
    45
     0
     0
    10
     0
     0
     0
     0
     0
     0
   319
    10
     9
    19
     6
    91
     0
     9
     0
     0
     0
    34
    48
    33
    19
     0
     0
     0
     0
     0
     0
     0
     0
     0
   104
   177
    18
     0
    21
     9
     8
    10
   114
    81
     8
     9
     0
    26
    38
    26
     8
     0
     0
     0
     0
     0
     0
     7
    90
   126
     0
    15
    16
     9
     0
     6
    85
   112
    11
    10
     7
    34
    36
    28
     0
     0
     0
     0
     0
     0
     0
     0
   316
     0
     0
    18
     0
    64
     0
     8
     0
     9
     0
    41
    31
    46
    23
     0
     0
     0
     0
     0
     0
     9
     0
     0
   363
     9
    12
     0
     6
    60
     9
     0
    12
     0
    21
     0
    40
     9
    45
    10
     0
     0
     0
     0
     0
     0
     0
     0
   331
     0
     0
     8
     0
    54
     0
     0
     0
    11
     7
    37
    16
    26
    25
     0
     0
     0
     0
     8
     0
     0
     0
     0
   201
     0
    14
     8
     0
    40
    27
    13
    11
    18
     0
    52
    47
    29
    37
     0
     0
     0
     0
     0
     0
     0
     0
     8
   348
     0
     9
    18
    15
   134
    10
     7
     0
     7
     9
    27
     7
    34
    51
     0
     0
     0
     8
     0
     0
     7
     0
     7
   157
    92
     0
     9
     0
    10
     0
     0
    68
    79
     0
     0
     8
    26
    19
    52
     0
    16
     0
     0
     0
     6
     7
    17
   192
   156
    19
    11
     0
     0
    14
     0
    57
    94
     7
    25
     0
    13
    32
    50
     0
     0
     0
     0
     7
     0
     0
     0
   259
     0
    20
    29
     0
    78
    18
     0
     7
    12
    10
    23
    16
    36
    26
     0
     0
     0
     0
     0
     0
    10
     0
     0
   240
     9
     9
     7
     0
    80
     7
     0
     9
     8
     6
     8
    42
     8
    11
     0
     0
     0
     0
     0
     0
     0
     0
     0
   249
    15
    19
     9
     7
   117
    10
     0
     9
     0
     6
    28
    32
     9
    15
     0
     0
     0
     0
     0
     0
     0
     0
     6
   183
     7
    16
    23
     0
    66
     0
     0
     9
     0
     0
    82
    22
    22
    23
     0
     0
    11
     0
     0
     0
     0
     0
     0
   305
     0
     6
     8
    17
    44
    13
     0
    19
     0
     9
    33
    17
    33
    51
     0
     0
     0
     0
     0
     7
     0
     0
     0
   143
   152
     8
    14
    28
     0
     7
     9
   128
    57
     9
     0
     0
    57
    46
    26
     0
     8
     0
     0
     0
     0
     0
    34
   175
   272
     0
    11
     7
    12
     0
     0
    97
   103
     9
     0
     0
    16
     0
    16
     9
     8
     0
     8
     0
     7
     0
    15
   310
    10
     9
     0
     0
    83
     0
     0
     8
     6
     7
     8
    17
    31
    31
     0
     0
     0
     0
     0
     0
     0
     0
     6
   233
     0
     7
     0
     7
   174
     9
    11
     7
     7
     0
    20
    45
    31
    30
     0
     0
    18
     0
     0
     0
     0
     0
     0
   304
     8
     0
     9
     0
   121
     0
    10
     0
     9
     0
    36
    26
    17
     9
     0
     0
     0
     0
     0
     0
     0
     0
     0
   272
     6
     6
     6
    15
    86
     0
     0
     0
     7
     7
    53
    38
    43
    40
     0
     0
     0
     0
     0
     8
     0
     0
     0
   288
    16
     0
    12
     0
    79
    10
     0
    26
    24
     0
    34
    71
    46
    16
     0
     7
     0
     0
    10
     0
     0
     8
     0
    98
   178
     9
    17
     9
     0
     0
    15
   140
    77
     0
     6
     9
    14
    31
    12
     0
     6
     0
     7
     7
     0
     0
     0
   206
   169
     0
    19
     8
    18
     0
     8
    94
    70
    20
     8
     0
    16
    16
    42
     0
     0
     0
     0
     0
     0
     0
     0
   292
     0
     0
    20
     0
    88
     6
     0
    21
     0
     0
    12
    16
    22
     8
     9
     0
     0
     0
     0
     0
     0
     0
     0
   221
     7
     0
     0
    18
   128
    17
     0
    28
    19
    20
    17
    32
     9
    62
     0
     0
     0
     0
     0
     0
     0
     0
     0
   246
     0
     0
     0
     0
   111
    16
    10
     0
    10
    25
    24
    21
     7
    17
     0
     0
     0
     0
     0
     0
     0
     0
     0
   354
    10
     0
    10
     0
    72
    10
    16
     0
     6
     0
    58
    25
    17
     8
     6
     6
     0
     0
     0
     0
    10
     7
     0
   305
     7
     0
     0
     0
   132
     0
     0
     9
     9
    10
     0
    30
    15
    22
     0
     0
     0
     0
     0
    11
     9
     0
     0
   230
   140
     7
     0
    14
     0
    14
     0
   100
   104
     0
    12
     8
    52
    32
    22
    10
     0
     7
    15
     8
     0
    20
     7
   173
   172
    23
     9
     0
    17
     0
     0
   127
   100
     8
     0
     0
    48
    31
    30
     0
     0
     0
     0
     7
     0
     0
     0
   225
    11
     6
     0
     0
   119
     0
    10
    23
    10
     9
    42
    49
     0
    35
     0
     0
     0
    10
     0
     0
     0
     0
     0
   254
     0
     8
    17
     0
    43
     0
    10
     8
    20
     7
    23
     0
    28
    27
     0
     0
     7
     0
     0
     0
     0
     0
     0
   324
     7
    11
    20
     0
   100
     0
     9
     6
    16
     0
    48
    36
    38
    40
     8
     0
     0
     0
     0
     0
     0
     0
     0
   333
     9
     0
     0
     0
   120
     0
    20
    18
     0
     0
    18
    43
    38
    22
     0
     0
     0
     0
     7
    11
     9
     0
     0
   296
    11
     0
     0
    15
   108
     8
     0
     0
     0
     7
    45
    10
    23
    10
     0
     0
     0
     0
     0
     0
     9
     0
     7
   143
   145
    19
     8
     0
    10
     8
     7
    81
    72
    22
    16
     0
    42
    35
    23
    13
     0
     7
     0
     0
     0
     0
     0
   112
   114
     7
     0
    10
     6
     0
     0
    69
    64
     8
     0
     8
    10
    60
    11
     0
     0
     0
     0
     0
     0
     0
     0
   254
    16
     0
    10
    15
   121
    11
     0
     8
    12
    17
     6
    29
    11
    19
     0
     0
     8
     0
     7
     0
    10
     0
     0
   229
    21
     0
     0
    41
   103
    10
     0
    17
     0
     0
    33
    27
    30
    23
     0
     0
     0
     0
     0
     0
     0
     0
     0
   284
     8
    10
     8
    10
   107
    10
    19
     0
     8
    30
    44
    45
    18
    26
    10
     0
     0
     0
     0
     0
     0
     0
     0
   326
    19
    14
     0
     0
   107
     0
     0
     9
     0
     8
    58
    27
    44
    41
     6
     0
     0
     0
     0
     0
     0
     0
     0
   269
     9
     0
     0
     9
    85
    18
     0
     0
    16
     8
    22
    19
    16
    54
     0
     8
     0
     0
     8
     0
     0
     0
     7
   190
   161
    11
     0
     7
     8
     9
     9
   121
    41
     9
     8
    22
    89
    28
    17
     0
     0
     0
     0
     7
    17
     8
     0
   177
   131
     0
    16
     0
    19
     8
     0
    96
    93
    28
     8
     0
    20
    26
    17
     0
     0
     0
     0
     6
     0
     0
     0
   418
    14
     0
     9
     0
    82
     9
    10
     0
     0
     0
    51
    25
    18
    46
     0
     0
     0
     0
     0
     0
     0
     0
     0
   377
     0
    16
     0
     7
   112
     9
     0
    28
     7
     8
    33
    28
    27
    19
     0
     0
     0
     0
     0
     0
     0
     0
     9
   244
     8
    16
     0
     0
    84
     7
     0
     0
     0
     0
    31
    51
    59
    36
     6
     0
     0
     0
     0
     0
     0
     0
     0
   277
     6
     0
    11
     0
    57
    25
     0
     6
     0
     0
    21
    28
    43
    41
    12
     0
     0
     0
     0
     7
     0
     0
     0
   253
     8
    19
    27
     0
    87
    40
    16
     6
    10
     0
    25
    14
    21
    26
     0
     0
     0
    11
     0
     0
     0
     0
    10
   175
   205
     0
     0
     0
     0
     0
     0
    67
    74
     8
    16
    12
    23
    26
    25
     0
     0
     0
     0
     0
    12
    16
     0
   154
   184
    16
     7
    18
    10
    22
     0
   100
    63
     6
     0
     9
    26
    10
    52
     0
     0
     0
     0
     9
     0
     0
     0
   408
     0
     0
     0
    17
   113
    10
    19
    18
     0
     0
    27
     0
    37
    32
     0
     8
     0
     8
     0
     0
     0
     0
     0
   260
    16
    11
     0
     0
   121
     0
     7
     0
     0
    14
    23
    20
    26
    61
     0
     0
     0
     0
     0
     0
     0
     0
     0
   226
     0
     0
    10
     0
   113
     7
     0
     0
     9
     9
    24
    31
    42
    15
     0
     0
     8
    10
     0
     0
     0
     0
     0
   357
     0
     0
     0
     7
    73
     6
     6
     0
     0
     0
    10
    14
    57
    53
     0
     0
     0
     0
     0
     0
     0
     0
     0
   320
    10
     0
     0
    15
    58
     9
    17
     0
     8
     0
    23
    25
    13
    28
     0
     9
     0
     0
     9
    11
     0
     6
     0
   166
   104
     0
    19
     7
    10
     0
    12
    61
    37
     0
     7
     0
    22
    49
    23
     0
     0
     8
    10
     0
     0
     0
     0
   154
   156
     9
    23
     0
     7
    37
     6
    78
    71
    16
     8
     0
    48
    43
    46
     0
     0
     0
     0
     0
     0
     0
     0
   322
     8
     0
     6
     0
   121
     0
    15
     6
     7
     0
    49
    68
    32
    26
     0
     0
     0
     0
     0
     0
     0
     0
     0
   287
    15
    10
     9
    17
    82
     0
    12
     0
    10
     8
     9
    49
    20
    39
     0
     0
    10
     0
     0
     0
     0
     0
     0
   246
     0
    16
    28
     0
   182
    15
    14
     0
    17
     8
    13
    51
    46
    16
    18
     0
     0
     0
     0
     0
     0
     0
     0
   325
    21
    16
     0
     0
    85
    19
     0
     7
    16
     0
    60
    15
    21
     0
     0
     0
     0
     0
     0
     0
     0
     0
     0
   390
    10
    21
    23
    16
   118
     0
     0
     0
     9
     0
    15
     7
    29
    71
     0
     7
     0
     0
     0
     0
     0
     6
     0
   172
   115
     0
     9
     0
     0
     9
     0
    76
    94
     0
     0
     7
    44
    23
    15
     0
     8
     0
     0
     0
     9
     0
     9
   219
   138
     6
     0
     0
     0
     9
     0
   112
    57
     8
     0
    18
    62
    15
     6
     0
     0
     0
    10
     0
     6
     9
     0
   238
    17
     0
    25
    14
   137
    17
    17
    19
    16
     0
    31
    25
    10
    11
     0
     0
     0
    10
     0
     0
     0
     9
     0
   291
     7
    15
    20
     0
   157
     7
     7
     7
     0
     0
     9
    32
    25
    37
     0
     0
     0
     0
     0
     0
     0
    17
     0
   421
     0
     7
     9
    19
    74
    15
    12
     0
     0
     0
    22
    37
    20
    32
     0
     7
     0
     0
     0
     0
     0
     0
     0
   273
     7
     0
    18
    19
    94
     0
    24
    39
    10
    31
    42
    60
     7
    32
     0
     0
     0
     0
     8
     0
     6
     0
     0
   347
     8
     0
    16
     8
   116
     0
    21
     0
     0
     9
    43
    25
    27
    21
     0
     0
     6
    17
     0
     0
    10
     8
    10
   160
   209
     0
     0
     0
     0
     0
    14
    88
    45
     0
     6
    31
    55
    54
    46
     9
    10
    10
     0
     0
     9
     0
     0
   224
   202
     8
     0
     0
    16
    16
     0
   105
    79
     0
     7
    16
    39
    25
    28
     0
     0
     0
     0
     7
     0
     0
     0
   351
    11
    18
     7
    27
   106
    16
     0
    30
     0
     0
    24
    51
    23
    68
     0
     0
    17
     0
     0
     0
     9
     0
     0
   354
    10
    14
    14
    10
   116
     0
     9
     9
     0
    18
    20
    28
    10
    58
     0
     0
     0
     0
     0
     0
     0
     0
     0
   385
    11
     0
     0
    14
    88
     0
     6
     0
    23
    20
     9
    23
    31
    67
     0
     0
     6
     7
     0
     0
     0
     0
     0
   336
     9
     0
    17
     0
    76
     0
    27
     0
    16
    10
    20
    28
    11
    38
     0
     0
     0
     0
     0
     0
     0
     8
     8
   374
     0
     8
     6
     0
    85
     0
     0
     7
     8
     7
    27
     9
    26
    25
     0
     0
     0
     7
     0
    18
     8
     0
     9
   141
   133
     0
     8
     8
     0
     0
    11
   135
    77
     9
     8
     0
    35
    34
    72
     0
     0
     0
     0
     0
     7
     8
     0
   197
    61
     0
    18
    26
     9
    18
     0
    79
    73
     0
    10
     9
    34
    35
    31
     0
     0
     0
     0
     0
     0
     0
     7
   310
     8
     0
     0
    13
   108
    19
    17
     9
     0
     0
    24
    36
    19
    17
     0
     0
     0
     0
     0
     0
     0
     0
    10
   311
     0
    28
     0
     0
   128
     8
     7
     0
     0
     0
     7
    22
    61
    48
     0
     0
     0
     0
    10
     7
     0
     0
     8
   325
    19
     8
     9
     0
   159
     0
     0
    33
    10
    15
     6
    47
    39
    40
     0
     0
     0
     0
     0
     0
     0
     0
     0
   316
     0
     0
    10
     8
   122
     0
    11
     0
     7
     6
    35
    13
    36
    54
     0
     0
     6
     0
     0
     0
     0
     0
     0
   237
     0
     0
     0
     8
    74
     0
    12
     7
     0
     0
    15
    39
    40
    42
     0
    12
     0
    11
    19
     0
     0
     0
     0
   179
   236
     0
    18
    25
     0
     0
     0
   176
    80
     0
    34
     0
    24
    19
    48
    17
    11
     0
     9
    10
     6
     0
    10
   188
   143
     0
    11
     8
     0
     0
     6
    24
    71
     9
     9
     0
    28
    31
    22
     6
     0
     0
     7
     0
     0
     0
     7
   332
     0
    11
     7
     0
   117
     0
     0
     0
    19
    34
    13
    10
    32
    51
     0
     0
     0
     0
     9
     0
     0
     0
     0
   390
     8
    24
    10
     0
    60
     0
    17
     0
    17
     6
    47
    41
    16
    22
     0
     7
     0
     0
     0
     0
     0
     0
     0
   384
     0
    10
     0
     9
   142
    19
    14
     0
     9
     0
    56
    33
    55
    41
     0
     0
     0
     0
     8
     0
     0
     0
     0
   267
     9
     0
    18
     0
   147
    11
    13
     0
    17
    23
    46
    41
    36
    23
     0
     0
     0
     0
     0
     0
     0
     0
     0
   453
    10
     7
     0
     7
    85
    18
     6
     0
     0
     7
    60
    46
    34
     0
     0
     0
     8
     0
     0
     0
     0
     0
     0
   140
   203
     7
    14
     0
     0
    24
     9
   116
    76
    14
     6
     9
    21
    39
    60
     8
    12
     0
     0
    11
     6
     0
     0
   185
   136
     0
    26
     8
    11
    10
    22
    77
    62
     0
     0
    32
    55
    40
    17
     0
     0
     0
     0
     0
     0
     8
    10
   328
    17
     0
     9
     9
    76
     0
     0
     7
     0
     0
     6
    22
     7
    17
     0
     0
    11
     0
     0
     0
     0
     0
     0
   250
     0
     0
     9
     0
   125
    13
     7
     0
    14
     7
    30
    68
    27
    38
     0
     0
     7
     0
     0
     0
     6
     0
     0
   431
    10
     0
     8
    15
    85
     0
    19
    17
     0
     0
    10
    57
    36
    64
     0
     0
     0
     0
     0
     0
     0
     0
     0
   342
    16
    10
     0
    18
    86
     6
     9
     9
     9
    12
    38
    48
    21
    13
     0
     0
     0
     0
     0
     0
     0
     0
     0
   308
     6
     0
    17
     0
    72
    20
     0
     0
    15
     0
    13
    24
    40
    24
    10
     0
    10
     0
     0
     0
     0
     0
     0
   225
   157
    10
     0
     8
     9
     9
     9
    72
    88
     0
    20
    26
    49
    35
    18
     0
     0
    26
     8
     8
     0
     9
     0
   177
   260
     0
     0
     0
    12
    14
    15
   103
    97
     6
     9
     8
    36
    42
    33
     0
     0
     0
     0
     0
     0
     0
     0
   282
     8
     9
    15
     0
    72
    10
    14
     0
     9
    10
    46
    10
    19
    45
     0
     0
     0
     0
     0
     6
     0
     0
     0
   324
    25
     8
    13
     0
    31
     0
     6
     0
     0
     0
    15
    33
     8
    72
     0
     0
     0
     0
     0
     0
     8
     0
     0
   206
     7
     6
    10
    24
   102
    16
     0
     0
     7
     0
    22
    19
    19
    16
     0
     6
    10
     0
     0
     0
     0
     0
     0
   425
     0
    10
     0
     0
    88
    10
     0
    20
     7
     7
    36
    13
    26
    26
     0
     0
     0
     0
     0
     0
     0
     0
     0
   311
     9
     0
    19
     0
    84
     0
     0
    21
     9
     9
    13
    22
    28
    54
     0
     0
     9
     0
     0
     7
     0
     7
     0
   188
   215
     0
     8
     0
    26
     0
     6
   113
    63
     8
    17
     0
    28
    41
    15
     0
     0
     0
    16
     0
     0
     8
    20
   224
   133
     0
     9
     7
     6
     0
    15
   123
   153
     0
     9
     0
    27
    49
    59
     0
     0
     0
     0
     0
     6
     0
     0
   326
     0
     0
    10
    10
   125
     0
     0
    11
     9
     0
    34
    13
    54
    31
     0
     0
