     0
     0
     0
     0
     0
     0
     0
   188
     0
     6
     0
     8
    97
     0
     0
    17
     9
     0
    30
    19
    15
     6
     0
     0
     0
     0
     9
     0
     0
     0
     0
   243
     0
     0
     0
    15
    66
     0
     9
     0
     9
     7
    22
    28
    22
    15
     0
     0
     0
     0
     0
     0
     0
     0
     0
   239
     0
     7
    15
     9
    85
     9
     0
     0
     7
     0
    14
    16
    29
    18
     9
     0
     0
     0
     0
    11
     0
     0
     0
   248
     7
     0
     9
     6
    51
     0
     0
     0
     0
     0
    38
    25
    31
    23
     0
     0
     0
     0
     0
     0
     0
     0
     0
   158
     0
     0
     0
     9
    73
     0
    24
     0
    11
    10
    17
     0
    21
    22
     9
     0
    17
     0
     8
     9
     0
     0
     0
    99
   167
     6
     0
    17
     7
     8
     8
    42
    41
    10
     0
    10
    16
    16
     6
     0
     0
     0
     7
     0
     0
     0
     7
   199
   148
     0
     0
     0
     0
     9
    25
    57
    22
     0
     0
     9
    25
    47
    31
     0
     0
     0
    10
     0
     0
     0
     0
    98
     0
     0
     9
     9
    85
     0
     0
     8
    20
     8
    35
    47
     6
    16
     0
     0
     0
     0
     0
     0
     0
     6
     0
   167
    24
    16
     0
     9
    31
     0
     0
    10
    15
     0
    41
     8
    30
    42
     0
     0
     0
     0
     6
     0
     0
     0
     0
   122
     0
     8
     0
     0
    66
    24
    18
     0
     0
     0
    12
    17
     9
     0
     0
     0
    18
     0
     0
     0
     7
     0
     0
   207
     0
     0
    10
     0
    72
     0
     0
    15
     0
     0
    29
     8
    22
     7
     8
     0
     0
     0
     0
     0
     0
     0
     0
   176
     0
     7
     0
     9
    95
     6
    10
    10
    10
    19
    26
    35
    26
    17
     0
     0
     0
     0
     0
     0
     0
     8
     0
   193
   111
     9
     0
     0
    10
     0
     0
   104
    19
    17
    30
     8
    24
    19
    15
    11
    10
     0
     0
     0
     7
     0
     0
   131
    90
     0
     8
     0
     9
     0
    19
    28
    80
    16
     0
     0
    43
    60
    25
     8
     0
     0
     0
     0
     0
     0
     0
   188
     7
     0
    16
     8
    71
     0
     0
     0
    10
    18
     7
    15
     0
    25
     0
     0
     0
     0
     0
     0
     0
     0
     8
    89
    10
     0
     0
     0
    89
     0
    11
     0
     0
     0
    30
     7
     8
     0
     0
    11
     0
     0
     0
     0
     0
     0
     0
   178
    16
     0
     6
    11
    84
     0
    26
    18
     7
    17
    33
    17
    35
    34
     0
     0
     0
     8
     0
     0
    11
     0
     0
   200
     8
    12
    16
     0
    48
     0
     0
     0
    17
     0
    29
    14
    17
    11
     0
     0
     0
     9
     0
     0
     0
     0
     0
   336
     0
     0
    15
     7
    65
    27
     0
    12
     8
     8
     7
     0
    34
    33
     0
     0
     0
     0
     0
     7
     0
     0
     7
   143
   112
     7
     8
     0
     0
     0
     0
    33
    78
     0
    10
    11
    32
     0
    23
     0
     7
     0
     0
    11
     0
     9
     0
   120
   151
     0
     0
     9
    22
    19
    10
    58
    74
    10
     0
    16
    20
    19
    17
     0
     0
     0
     0
     0
     0
     0
     0
   158
     6
     0
     0
     0
    81
     7
     6
     0
    10
    17
    50
    17
    22
     6
     0
     0
     0
     0
     0
     0
     0
     0
     0
   235
     0
     0
     0
     0
    23
    10
     0
     0
     0
     7
    19
    26
    20
    25
     9
     0
     0
     0
     0
     0
     0
    16
     0
   131
    18
     7
    23
     8
    55
     0
    17
     8
     0
     0
     8
    49
    38
    24
     0
     0
     0
     0
     0
     0
     0
     7
     0
   205
     6
     0
     8
     0
    34
     7
     7
     0
     0
     0
    15
    27
     7
     8
    14
     0
     0
     0
     0
     7
     0
     8
     0
   196
     0
     7
    25
     0
    40
     7
     0
     9
     9
     0
    16
    35
    32
    31
     8
     9
     0
    10
     0
     0
     0
     0
     6
   105
   147
    17
    16
     0
     0
     0
    15
    69
    77
     0
     0
     0
    17
    36
    33
     0
     0
     0
     0
    10
     0
     0
     7
   116
    59
     0
     8
     9
     0
     0
     7
    75
    51
    20
     0
     0
    19
    15
     0
     0
     0
     0
     0
     0
     9
    10
     0
   195
    12
     0
     9
     6
    74
     0
     0
     8
     6
    15
    38
    36
     8
     0
    11
     0
     0
     8
     0
     0
     8
     0
     0
   189
    18
     0
     9
    16
    83
    11
     9
    10
    17
     0
     8
     0
     0
    28
     0
     0
     0
     0
     0
     0
     6
     0
     0
   186
    19
     0
     6
     7
    54
    14
     0
     9
     0
    22
    19
    22
    33
    20
     0
     0
     0
     0
    23
     0
     0
     0
     8
   221
     0
     9
     6
     0
    80
     0
     0
     0
     0
     0
    59
    25
    32
    21
     0
     0
     0
     0
     9
     0
     0
     0
     0
   251
    16
    11
     9
    16
    62
     0
     8
     9
     0
     0
     9
    15
    14
    38
     0
     0
    17
     7
     0
     0
     0
    10
     0
   112
   127
    21
     0
     0
     0
     9
     0
    83
    72
     0
     7
     0
    59
    13
    41
     8
     8
    11
     0
     0
     0
     0
     0
   107
   134
    17
     8
     9
     0
     0
     0
    59
    38
     0
     0
    19
    38
    17
    23
     0
     0
    10
     0
     0
     0
     0
     0
   219
    21
     0
    30
    11
    71
     0
     8
     8
     0
    19
    29
    19
    30
    26
     0
     0
     0
     0
     8
     0
     0
     0
     0
   176
    16
    10
    13
     9
    65
     6
     8
     0
     0
     7
    47
    35
     6
     8
     0
     0
     0
     0
     0
     7
     0
     0
     0
   143
    10
     6
     0
     0
    76
     0
     0
     0
     0
     0
    25
    30
    16
    18
     0
     0
     0
     0
    12
     0
     0
     0
     8
   148
     0
     0
     0
     7
    48
     0
     0
     0
     0
    19
    19
     8
     0
    28
     0
     0
     0
     0
     0
     8
    22
     0
     0
   227
     0
     0
     0
    16
    24
     0
     0
     8
     8
    11
    12
     8
    30
    25
     0
    10
     0
     0
     9
    10
     0
     0
     8
    93
    93
     6
     0
    11
    17
     7
     0
    53
    44
    10
     0
     8
    41
    16
     0
     6
     0
     0
     0
     0
     0
     8
     0
   123
    65
     0
     0
     0
     0
    19
     0
    63
    40
     9
     0
     0
    29
    37
    18
     0
     0
     0
     0
     0
     0
     0
    10
   244
     0
     0
     7
    17
   128
     0
     0
     0
     0
     9
    38
    34
    37
    17
     0
     0
     0
     0
     8
     0
     0
     0
     0
   228
     8
     7
     0
     0
    78
     0
     0
     0
     0
     0
    35
    30
     9
    16
     0
     0
     0
     0
     8
     0
     0
     0
     0
   241
     0
     0
     0
     0
    77
     0
     6
     8
     0
    15
    15
    23
    24
    22
     0
     0
     0
     0
     0
     0
     0
     0
     0
   218
     0
     0
     0
     0
    98
     0
     0
     0
     9
     0
    13
    20
    18
    17
     0
     0
     0
     0
     0
    10
     0
     0
     0
   212
    25
     6
     8
     0
    71
     9
    10
     0
     9
     0
     6
    56
    34
    18
     0
     0
     0
     0
     0
     0
     0
     0
     8
   162
    92
     0
     0
    24
     7
     7
     0
    53
    14
     0
     0
     0
     6
    22
    26
     0
     8
     0
     0
     0
     0
     0
     0
    72
    93
     0
     0
     0
     6
     0
     0
    47
    76
     7
     0
     8
     9
    44
    44
     0
     0
     0
     0
     0
     0
     0
     0
   214
     0
     6
     0
     0
   126
     0
     9
     0
     7
     0
     0
    27
    12
    27
     0
     0
     0
     0
     0
     0
     0
     0
     0
   225
     6
    16
     0
     0
    81
    20
     7
     0
     7
    24
     0
     0
     9
    79
     0
     0
     0
     0
     0
     0
     0
     0
     8
   213
     0
     0
     0
     0
    63
     0
     0
     0
     0
     0
     8
    15
    18
    16
     0
     8
     0
     0
     0
     0
     0
     0
     8
   185
     0
     0
     0
     0
    82
     0
     0
     0
     9
     7
    15
    20
    32
    42
     7
     0
     0
     0
     0
     0
     0
     0
     0
   191
     7
     0
     8
     0
    35
     0
     7
     0
    19
     0
    33
     0
    10
     0
     0
     0
     6
     0
     0
     0
     0
     0
     0
   128
   204
    20
     0
     8
     7
     0
     6
    54
    16
     9
    25
    18
    20
    17
    21
     0
     0
    10
     7
     0
     7
     0
     0
   111
   109
     0
     9
     0
     0
     0
     0
    62
    36
     7
    17
     0
    37
    30
    17
     0
     8
     0
     0
     0
     0
     0
     0
   191
     8
    17
     7
    10
    81
     7
     0
     6
     6
     0
    18
    20
    24
    18
     0
     0
     0
     0
     0
     0
     0
     8
     0
   210
    17
     0
    19
     0
    71
     7
    12
    28
     0
     0
    15
    25
    26
    20
     0
     8
     0
     0
     9
     0
     0
     0
     0
   253
    11
    11
     9
     7
    60
     0
     0
     7
     0
     0
    19
    63
    14
     0
     0
     0
     0
    16
     0
     0
     0
     0
     7
   185
     9
     0
     0
     9
    86
     0
     6
     0
     0
     6
    24
    33
    32
    35
     0
     0
     7
     0
     0
     0
     0
     0
     0
   200
     6
    10
     6
    17
    73
     0
     6
     6
     0
     8
    15
     8
     0
    26
     0
     8
     0
     0
     0
     0
     0
     0
     0
   103
    87
     7
    11
    11
     0
     0
     8
    46
    49
     9
    10
     6
    24
    27
    18
     0
     0
     0
     7
     0
     0
     0
     0
   154
    54
     0
     6
     0
     8
     0
     6
    43
    53
     6
     0
     8
    28
    32
    51
     0
     0
     0
     0
     0
     0
     0
     0
   182
    10
     0
     0
     0
    50
     8
     0
     0
     0
     0
    25
    45
    24
    20
     0
     0
     0
     0
     0
     0
     0
     0
     0
   193
     0
     6
    23
     0
    68
     0
     0
    22
    11
     0
    28
    16
     8
    43
     8
     0
     0
     0
     0
     0
     9
     0
     0
   226
    26
     0
    26
     9
    82
     0
    18
     0
     0
     0
     9
    24
    33
    27
    10
    12
     0
     7
     0
     0
     8
     0
     0
   177
     0
     0
     0
     0
    53
     0
    10
     0
     9
     0
     9
    12
    13
     9
     0
     0
     0
     0
     0
     0
     0
    10
     0
   230
     9
     0
    11
    17
    95
     0
     0
     7
     7
     7
    32
     0
    23
     0
     0
     7
     0
     0
     0
     0
     0
     0
     0
   150
    73
     0
     6
     0
     9
    10
     6
    66
    39
     0
     0
     9
    14
    25
    12
     0
     0
     8
     0
    10
     0
     0
     0
   103
   102
     0
    36
     0
     0
     0
     0
    44
    57
     0
    18
     0
    10
    42
    44
     0
     0
     0
     7
    11
     0
     0
     0
   225
    16
     7
     0
    15
    41
     0
    19
     0
     0
     6
    16
    27
    15
    10
     0
     0
     0
     0
     0
     9
     6
     0
     0
   172
     0
     0
     0
     0
   103
     0
     0
     0
     0
     8
     6
    33
    30
    40
     0
     0
     0
     0
     6
     0
     0
     0
     0
   229
    11
     7
     0
     0
    69
     7
     0
     0
    19
     6
     7
    41
    36
    26
     0
     8
     0
     0
     0
     0
     0
     0
     0
   151
    15
     6
    17
     8
    94
     0
    16
     0
     0
     7
     0
     8
    17
    18
     0
     7
     0
     0
     0
     0
     0
    12
     0
   258
     0
    16
    10
    20
   101
     0
     6
     9
     6
     0
    19
    29
    46
    34
     8
     0
     0
     0
     0
     0
     0
     0
     0
   155
   111
     0
     0
     7
     0
     9
     0
    72
    32
    10
     0
     0
    20
    42
    21
    17
     0
     0
     0
     0
     0
     0
     0
    97
   135
     0
     8
     0
     9
     0
     0
   118
   103
    24
     0
     0
    29
    36
    37
     0
     0
     0
     0
     0
     7
     0
     0
   305
     0
     0
    17
     0
    41
     6
    18
     9
     0
     0
    15
     6
     8
    10
     0
     0
     0
     0
     0
     0
     0
     0
     0
   251
     0
     6
    11
     0
    69
     7
     9
     0
     0
    11
     7
    22
    10
     9
     0
     0
     0
     0
     0
     0
     0
     0
     0
   215
    28
     0
     0
     6
    65
     0
     0
     0
     7
    23
    29
    34
     8
     8
     9
     0
     0
     0
     0
     8
     0
     8
     0
   100
     0
     0
    10
     0
    26
     8
     0
     6
     0
    16
     8
     0
    15
    10
     0
     0
     0
     0
     0
     0
     0
     0
     0
   195
     0
     0
     7
     0
    66
     0
     0
     0
     0
     0
    47
    25
    50
    23
     0
     0
    10
     0
     0
     0
     0
     0
    11
    84
   145
     7
    35
    24
     0
    10
     6
    73
    73
    10
     0
     0
     6
     6
    54
     0
     8
     0
     9
     0
     0
     9
     0
   126
   160
     0
     8
     7
    19
     0
     0
    63
    73
     9
     0
     0
     0
    16
    32
     0
     0
     0
     0
     0
    11
     0
     0
   210
    10
     0
     0
     6
    34
     9
     0
     9
    19
     0
    26
    24
    45
    18
     6
     0
     0
     0
     0
     0
     0
     0
     7
   254
     9
     0
     0
     0
    82
     0
    24
     7
     0
     0
    18
    30
     8
    23
     0
     0
     0
     0
     0
     0
     0
     0
     0
   179
     7
     8
     0
     7
    81
    19
     0
     0
     0
     0
    19
    17
    19
     0
     0
     0
     7
     8
     0
     0
     0
     0
     0
   223
    10
     0
     0
    14
    29
    16
     0
     0
     0
     0
    49
    25
     7
    17
     0
     0
     0
     0
     0
     0
     0
     0
     9
   239
     8
     0
     9
     7
    53
     8
     7
     7
     0
     0
     8
     7
     8
    31
     8
     0
     0
     0
     0
     0
    13
     0
     0
   109
   136
    20
    17
     0
    20
    10
     0
    90
    51
     7
    30
     8
     9
    28
    28
     0
     0
     0
     0
     0
     0
     9
     0
    91
   127
    17
     7
     0
     0
     0
     0
    96
    62
     0
     0
     7
     0
    21
    12
     9
     0
     0
     0
     0
     0
     0
     0
   168
     0
     0
    17
     0
    36
     0
     0
     0
     9
     0
    18
    16
    17
    49
     6
     0
     0
     8
     0
     0
     0
     0
     0
   237
     0
     0
     0
     6
    34
     0
     0
     0
    12
     0
    30
    20
    15
    29
     0
     0
     0
     0
     0
     0
     0
     0
     0
   207
     0
    12
     0
     0
    36
     7
     8
     9
     0
    16
    10
    11
    23
     0
     0
     0
     0
     0
     0
     0
     0
     0
     0
   242
     0
    10
     7
    16
    24
     0
    27
    16
     8
     0
    16
     0
    12
    25
    10
     0
     0
     7
     0
     0
     0
     0
     0
   187
    10
     9
    10
    10
    80
     9
     0
    10
     8
     0
    15
    18
     6
    26
     0
     6
     0
    10
    10
     0
     0
     0
     0
    66
    86
     0
     0
    10
     6
    10
    17
    44
    72
     0
     9
    19
     6
    22
    23
     0
     0
     0
     0
     7
     8
    10
     0
    83
   111
     0
     8
    10
     0
     8
     0
    40
    76
    16
     7
     9
    21
    15
    27
     0
     0
     0
     0
     0
     0
     0
     0
   205
     0
    14
     7
     0
    68
     6
    27
     9
     0
     7
    16
    21
     0
     0
     0
     0
     0
     0
     8
     0
     8
     0
     0
   223
     9
     0
     7
    16
    90
     0
    10
    10
    17
    10
     9
    12
     0
    16
     0
     0
     0
     0
     0
     8
     0
     0
     0
   277
     0
     6
     7
     6
   112
     0
    13
     0
     8
     0
    38
    16
    16
    25
     0
     0
     0
     0
     0
     0
     0
     0
     0
   205
     6
     0
     0
     0
    57
     0
    10
     0
     0
     9
    27
    22
    29
    14
     0
     0
     0
     0
     0
     0
    18
     0
     0
   133
     0
     0
     8
     0
    94
     7
     0
    21
     0
     0
    23
    25
    33
     0
     0
     0
     0
     0
     0
     0
     8
     0
     0
   179
   157
     0
     0
    18
     8
     0
     7
    18
    29
    11
    28
     0
    15
    18
    13
     0
     0
     0
    22
     0
    10
     0
     0
    71
   171
     6
    12
     8
     8
     7
     9
    55
    40
     0
     0
     0
    58
    36
     8
     7
     0
     0
     0
     0
     0
     0
     0
   229
     7
    23
    16
     7
    83
     0
     8
     0
     0
     7
    15
    19
    29
     0
     0
     0
     0
     0
     0
     0
     7
     9
     0
   118
     7
     8
     7
     6
    18
     0
    18
    18
     0
     7
    28
     8
     8
     8
     0
     0
     0
     0
     0
     0
     0
     0
     0
   226
     6
    16
     8
     0
    33
     0
     7
     0
     0
     0
    25
    13
     0
     0
     0
     0
     0
     0
     0
     0
     0
     0
     0
   254
     9
    10
     7
     7
    25
     0
    19
     0
     0
    15
    42
    14
    14
    15
     0
     0
     0
     0
     0
     0
     0
     0
     0
   211
     9
     0
    18
     0
    79
    22
     0
     7
     0
    10
    19
    45
    10
    17
     0
     0
     0
     7
     0
     0
     0
     9
     0
   109
    88
     0
     7
     8
    12
     6
     0
    19
    60
    22
     0
     0
     0
    34
     7
     0
     0
    16
     0
     0
     0
     0
     7
    89
    77
     0
     0
     9
    14
     0
     0
    38
    82
    11
     8
     0
    26
    56
    35
     0
     0
     0
     0
     0
     0
     0
     0
   194
     0
     0
     0
     0
    41
     8
     0
     6
     0
     6
     8
    48
     7
     9
     8
     0
     0
     0
     0
     9
     0
     0
     9
   165
     8
     0
     0
    16
    77
     9
     0
     0
    15
     0
    15
    23
     8
     8
     0
     0
     0
     0
     0
     0
     0
    12
    10
   178
     0
     0
     7
    10
    29
    19
     0
     9
     0
     8
     7
    45
    26
    16
     0
     0
     0
     8
     0
     0
     0
     0
     0
   241
     7
     0
     0
    11
   109
     9
     0
     0
     0
     0
    11
    15
     0
    35
    10
     0
     0
     0
     9
     0
     0
     0
    10
   240
     6
     9
     0
     8
    32
     0
     0
     0
    12
    26
     0
    11
    17
    21
     0
     0
     0
     0
     6
     0
     0
     7
     0
    70
   188
     0
     6
     9
     7
     6
     0
    44
    39
     0
     0
     0
     8
    15
    12
     0
     0
     0
     0
     0
     9
     0
     0
   197
   120
     0
     0
     0
     7
     8
     6
     7
    46
     0
     0
    10
    13
    52
    42
    10
     0
     0
     0
     0
     0
     0
     0
   220
    10
     0
     0
    24
    88
     6
     7
     0
     0
     0
    33
    33
    15
     0
     0
     0
     0
     0
     0
     0
     0
     0
     0
   195
    18
    25
     0
    10
    80
     6
    18
     0
     0
     0
    26
    22
    14
    18
     0
    10
     0
     0
     0
    10
     0
     0
     6
   276
     0
     8
     0
     9
    64
    29
     0
     0
    24
     0
    18
    15
    31
    17
     0
     0
     0
     0
     0
     0
     0
     0
     0
   340
     0
     7
    15
    16
    35
     0
     0
    11
    10
     0
     0
    16
    42
    35
    11
     0
     0
     0
     0
     0
     8
     0
     0
   153
    11
     0
     7
     0
    61
     0
     0
     6
     0
    18
    21
     7
    23
    35
     0
     0
     0
    16
     0
     0
     0
     0
     0
   121
   143
     8
     8
     6
     0
     0
     7
    49
    52
    33
     6
     0
    12
     8
    15
     0
     0
     0
     0
     0
     0
     0
    10
   138
   113
     8
     0
     7
     0
     0
     0
    77
    48
     0
     8
     0
     7
     8
    18
     0
     0
     0
     0
     0
     0
     0
     0
   220
     0
    10
     0
     8
    39
    10
     0
     0
     0
     0
    30
    24
     6
     7
     0
     0
     0
     0
     0
     7
     0
     0
     0
   172
     0
    10
     0
     0
    53
     7
     0
     0
     0
     0
     8
    34
    18
    42
     0
    10
     0
     0
     0
     0
     0
     0
     0
   116
     0
     0
     7
     0
    74
     0
     0
     0
     0
     0
     0
    47
    27
    18
     0
     0
     0
     0
     0
     0
     0
     0
     0
   261
     8
     0
     8
    26
    23
     0
     0
     0
    16
    10
    14
    17
    34
     0
     0
     0
     0
     0
     0
     0
     0
     0
     0
   164
     8
    20
     9
    26
    71
     0
    10
     6
     0
     0
    16
    36
    21
     0
     0
     7
     0
     0
     0
     7
     0
     0
     8
   114
   104
    12
     0
     0
     7
     0
     0
    38
    70
     0
     6
     6
    42
     0
     9
     8
     0
     0
     0
     0
     9
     0
     0
    51
   170
     0
     0
    16
     9
     7
    11
    94
    25
     7
     8
    12
    26
    23
    17
     0
     0
     0
     0
     0
     0
     0
     0
   173
     0
     0
     0
     6
    44
     0
    10
     9
     0
     0
    50
    20
    26
    22
     0
     0
     0
     0
     0
     0
     0
     0
     0
   256
    26
     0
     9
     0
    29
     8
     9
     8
     0
     0
     7
    33
    23
    26
     0
     0
     0
     0
     0
    10
     0
     0
     0
   167
     0
    10
     0
     0
    83
    10
     0
    17
     0
     0
     0
    15
    14
     0
     0
     0
     0
     0
     0
     0
     0
     0
     0
   235
     7
     0
     0
    10
    43
     0
     8
     0
     8
    23
    21
    10
    24
     8
     0
     0
     0
     0
     0
     0
     0
     7
     0
   132
     0
     0
    10
     8
    37
     0
     0
     7
     8
    21
    25
    32
    22
    26
     0
     0
     0
     0
     0
     0
     8
     0
     0
   155
   121
     0
     0
     0
     6
     7
     0
    61
    59
     0
     0
     0
    19
    30
    43
     0
     9
     9
     0
     6
     0
     0
     0
   132
   101
     0
     7
     0
     0
     0
     7
    53
    59
     0
     0
    10
    30
    63
    22
     0
     8
     0
     9
     0
     0
     6
     0
   245
     9
     0
     0
    12
    67
     0
     0
     0
     0
     0
     6
    20
    20
    20
     9
     9
     0
     6
     0
     0
     0
     0
     0
   205
    10
     0
    20
    11
    69
     0
     8
     0
     0
     9
     8
     0
    31
    29
     0
     0
     0
     0
     0
     0
     0
     0
     0
   167
     0
     0
     0
     6
    71
     0
    23
     0
     0
     0
    10
    18
     7
    30
     0
     0
     0
     0
     6
     0
     9
     0
     0
   281
     0
    23
    16
     0
   106
     0
     0
     0
     0
    18
    21
    46
     0
     9
     0
     0
     0
     0
     0
     9
     0
     0
     0
   133
     0
     0
     0
     0
     8
     0
     8
     0
     0
     0
    26
     9
    17
    22
     0
     0
     0
     0
     0
     0
     0
     0
     0
    98
   150
     0
     0
     0
     0
     0
     8
    32
    27
    12
     8
    16
     0
    19
     9
     8
     0
     0
    10
     0
     0
     0
     7
    98
    85
     0
     7
    22
    10
     0
     0
    51
    54
     9
     8
    21
    37
    46
    14
     0
     0
     0
     0
     0
     0
     0
     0
   154
    23
     0
     0
     0
    65
     0
     0
     0
     8
     7
     8
    19
     6
    17
     0
    13
     0
     0
     0
     0
     9
     0
     0
   107
     0
    20
     9
    12
    22
     0
     0
     0
     0
     9
    12
    17
    48
    17
     0
     0
     0
     0
     0
    10
     0
     0
     0
   253
     0
     9
     7
     0
    26
     0
     0
     0
     0
    16
    15
    14
     9
     0
     0
     0
     0
     0
     0
     0
    10
     0
     0
   174
     6
     0
     0
    17
    82
     0
     0
     0
     0
     0
    32
     9
    38
    39
     0
     0
     0
     0
     0
     0
     0
     9
     0
   157
     0
     0
     0
     0
    96
     0
     0
     7
     0
     0
     0
    29
    25
     6
     0
     0
     0
     8
     0
     0
     0
     0
     0
    78
    70
     7
     0
     0
     0
     0
    10
    65
    23
     6
     9
    17
    45
    24
    19
     0
     0
     0
     0
     0
     0
     0
     0
   116
   108
     0
     6
     0
     0
     0
     7
    61
    81
     0
     9
     0
    10
    34
    27
     0
     0
     0
     0
     0
     0
     0
     0
   170
     9
     0
     0
    19
    59
     0
     0
     8
     0
     0
    25
    28
     8
    10
     0
     0
     0
     0
     0
     0
     0
     0
     0
   225
     6
     0
     0
     0
    74
     8
    10
     0
     0
    15
     0
     9
    22
    24
     0
     0
     0
     0
     0
     0
     0
     0
     0
   160
     6
     0
    10
     6
    50
     0
     0
     8
     0
     0
    27
    11
    15
    16
     0
     0
     0
     0
     0
     0
     0
     0
     0
   212
     0
     0
     0
    14
    66
     6
    17
     6
     0
     0
     0
     0
    34
    15
     0
     0
     0
     0
     7
     0
     0
     0
     0
   254
    16
     0
     0
    12
    39
     0
     0
     0
     0
     0
    31
    14
    10
     0
     0
     0
    15
     0
     8
     0
     0
     6
     0
   112
    97
    16
     0
     0
     0
    30
    10
    41
    45
     0
     0
     0
    48
    12
    33
     0
     0
     0
     9
     0
     7
     0
    26
   143
    52
     8
    10
    16
     0
     0
     0
    48
    36
    23
    17
    30
    27
     0
    12
     0
     0
     7
     0
     8
     0
     0
     0
   211
     8
     0
     8
     0
    61
     8
     0
     0
     0
    10
     0
    44
     0
    55
     0
     0
     0
     9
     0
     0
     0
     0
     0
   150
     0
     0
    26
     0
    52
     9
     7
     0
     9
    11
     0
    23
     6
    25
     0
     0
     0
     0
     0
     6
     7
     0
    12
   221
     9
     0
     0
     9
    47
    27
     0
     9
    19
     8
    33
    17
    22
    25
     0
     0
     0
     0
     0
     0
     0
     0
     0
   195
     0
     0
     0
     6
    34
     0
     7
     0
     0
     0
     8
     0
    15
     0
     0
     0
     0
     0
    10
     0
     0
     0
     0
   239
     0
     0
     6
     0
    44
     0
     0
     0
     0
     0
    25
    27
    32
    20
     0
     0
     0
     0
     0
    13
     0
     0
     0
   105
   106
     0
     0
     8
     8
    19
    11
    76
    67
     0
     0
     0
    34
    15
    33
     0
     0
     0
     0
     6
     0
     0
     0
   151
    86
     0
     0
     0
     0
     8
     8
    35
    34
     9
    10
     0
     6
    43
    11
     7
     0
     0
     0
     0
     0
     0
     0
   263
     6
     0
     0
     0
    72
     0
     0
     0
     0
    14
    15
     0
    24
     0
     0
     0
     0
     9
     0
     0
     0
     0
     0
   185
    10
     0
     9
     0
    75
     0
     0
     0
     0
    17
     0
     0
    28
    46
     0
     0
     0
     0
     9
     0
     0
     0
     0
   146
     0
     0
     0
     6
    84
     0
     0
     0
     0
     7
     0
    16
    20
    16
     8
     0
     0
     0
     0
     0
     0
     0
     0
   158
     0
     9
     0
     0
    73
     8
     0
     9
     6
    11
    15
     7
     6
     0
     0
     0
     0
     0
     0
     0
     0
     0
     0
   123
     0
     8
    10
    10
    39
     9
    15
    11
     9
     8
    26
    22
    25
    10
     0
     0
     0
     0
     7
     8
     0
     0
     8
    98
   112
     0
     0
     0
     6
     9
    10
    20
    81
    15
     0
     7
    10
    20
    34
     0
     0
     0
     0
     0
     0
     9
     0
    98
    50
     7
     0
     0
     0
    14
    11
    86
    29
     7
    10
     7
    29
    25
    23
     0
     0
     0
     0
     7
     0
     0
     0
   239
    11
     0
    20
     0
    53
     9
     0
     0
     0
     9
     9
     0
     6
    30
     0
     0
     0
     0
     0
     0
     0
     0
     0
   197
     0
     0
     0
     9
    71
     0
     0
     0
     8
    17
    14
    45
    21
     8
     0
     0
     0
     0
     0
     0
     0
     0
     0
   132
     8
    11
     0
     0
    16
     0
     0
     0
     8
     0
    25
     7
     8
    17
     0
     0
     0
     0
     0
     0
     0
     0
     0
   166
     8
     0
     8
     7
    40
     7
     9
     6
    15
     0
    17
    25
    21
    17
     0
     0
     0
     0
     0
     0
     0
     0
     0
   151
     0
     0
     0
     0
    72
     8
    11
     6
    11
     7
    28
    16
    27
    26
     0
     6
     0
    12
     0
     8
     0
     0
     9
    85
   130
     0
    11
     0
    20
    26
     0
    57
    61
     0
     9
     0
    25
    25
    28
    11
     0
     0
     0
    14
     0
     7
     0
    92
    99
     0
    10
     0
     8
     0
    25
    46
    93
    13
    18
     6
    25
     7
    22
     0
     0
     0
     0
     0
     0
     0
     0
   190
    16
     6
     0
     0
    53
    19
     0
     0
     0
     0
     0
    19
    29
    14
     6
     0
     0
     0
     0
     0
     0
     0
     0
   184
     0
     8
     0
    14
    55
    10
     0
     0
     0
    14
    18
     0
    19
    18
     0
     0
     0
     0
     0
     8
     0
     0
     0
   142
     0
     9
    11
    11
    57
     0
    16
     0
     0
     8
    11
     6
     8
    19
     0
     0
     0
     0
     0
     0
     0
     0
     0
   221
     0
    17
     0
    18
    47
     9
     0
     0
     0
     0
    24
    16
     0
     7
     0
     0
     0
    15
     0
     0
     0
     0
     0
   236
    19
     7
     0
    11
    28
     0
     0
     9
     0
     0
    24
    30
     6
    22
     0
     8
     0
     0
     0
     0
     0
     0
     9
   132
    83
     0
     7
     0
     0
     7
     0
    63
    29
     0
    12
     0
     7
    16
     0
     6
     0
     0
     9
     0
     0
    11
     0
    83
    86
     6
     9
     0
     8
     0
     8
    61
    47
     6
     0
     0
    77
    47
     0
    11
     0
     7
     0
     0
     0
     0
     0
   143
     0
     0
    17
     0
    70
     9
     0
    10
     0
     0
    27
    17
     7
    16
     0
     0
     0
     0
     0
     0
     0
     0
     0
   236
     0
     0
     0
     0
    85
     0
     0
     0
     0
    11
    19
    19
     6
    33
     6
     0
     0
     0
     0
     0
     0
     0
     0
   179
     0
    11
     0
     0
    32
    16
     0
     7
     0
     9
     9
     9
    28
     9
     0
     0
     0
     0
     0
     6
     0
     0
     0
   201
     0
     6
     0
     0
    67
     8
     0
     0
     0
     0
     8
     7
    23
     0
     0
     0
     0
     0
     0
     0
     0
     0
     0
   145
     0
     0
     0
     0
    57
     0
     0
     0
     7
    10
    22
     9
     6
     0
     0
     8
     8
     0
     0
     0
     0
     0
     0
   196
   119
     0
     9
     0
     7
     0
     0
    64
    10
     0
     0
    10
    35
    15
    25
     0
     0
     0
     0
     7
     0
     0
     0
   103
   116
     0
     0
     8
     0
     0
    10
    29
    17
     9
     0
     0
    26
    14
    26
     0
     0
     0
     0
     0
     0
     9
     0
   228
     0
     0
     0
     7
    64
     0
     0
     0
     0
     0
     0
     6
     7
    36
     0
     0
     0
     0
     0
     0
     0
     0
     0
   209
     0
     0
     0
     9
    61
    17
     0
     0
    10
     0
     0
     0
    16
    30
     0
     0
    14
     0
     0
     0
     0
     0
     0
   168
     0
     0
     0
     9
    68
     0
     8
     0
     0
     0
    36
    21
    14
     0
     0
     0
     0
     0
     6
     0
     0
     0
     0
   154
     0
     7
    12
     0
    56
     0
     0
     9
     0
     0
    35
    16
    24
    11
     0
     0
     0
     0
     0
     0
     0
     0
     0
   165
     7
     0
    10
     6
    51
     0
     0
     0
     7
     0
    19
    17
    15
    36
     0
     0
     0
     0
     0
     0
     0
     9
     0
   127
    68
     0
     0
     0
     9
     0
     0
    43
    40
     7
     8
     0
    25
    26
     0
     0
     0
     0
     0
    11
    11
     6
     0
    91
   104
     8
     0
    22
     0
    23
    11
    68
    17
     0
     8
    10
    19
    31
    33
     6
     8
     0
     0
     0
     0
     0
     6
   161
     0
     0
     0
     0
    23
     9
     0
     0
     0
     8
     8
     7
     0
     9
     0
     0
     0
     0
     0
     0
     0
     0
     0
   215
     0
     0
     0
     0
    45
     6
     0
     0
     7
     8
    22
    42
    32
    18
     0
     0
     0
     0
     0
     0
     0
     0
     0
   129
     0
     9
     0
     7
    26
    18
     9
    15
     0
     0
    10
     6
     0
     6
     0
     0
     0
     0
     0
     0
     0
     0
     6
   152
     6
     0
     9
     0
    71
    14
     0
     0
    22
     0
    22
    14
    27
    35
     0
     0
     0
     0
     0
     0
     0
     0
     0
   153
     0
     9
     6
     8
     0
     9
     0
     0
     8
     6
    25
     8
     0
    14
     0
     0
     0
     0
     0
     0
     0
     0
     0
   104
   122
     0
     8
     7
     7
     0
     0
     9
    62
     0
     0
     0
    15
     7
    23
     0
     0
     0
    16
     0
     7
     0
     0
    83
   101
     0
     0
     0
     0
     8
     0
    19
    77
     0
     0
     0
    29
    18
    34
     0
     0
    14
     0
     0
     0
     0
     0
    78
     0
     0
     6
     8
    95
     0
     8
     0
     0
     0
    11
    16
    15
     7
     0
     0
     0
     0
     7
     0
     0
     0
     0
   179
     8
    10
     8
     7
    33
    14
     0
     0
     0
     9
     7
    27
    18
    18
     0
     0
     0
     0
     0
     0
     0
     0
     0
   190
     0
     7
     9
    18
    52
     0
     0
     6
     9
     8
     7
     0
    18
     6
     0
     0
     9
     0
     0
     9
     0
     0
     0
   212
     9
     9
     0
     0
    43
     8
     0
    15
     0
    17
     9
    17
     9
    30
     0
     0
     0
     6
    10
     0
     9
     7
     0
   167
     0
    16
     0
     0
    42
     0
    10
     9
    11
     7
    10
    39
    17
    26
     0
    10
     0
     0
    10
     0
     6
     0
     0
    45
    76
     7
     7
     0
     6
    24
     0
    91
    41
     0
    12
     0
    21
     0
    11
     0
     0
     0
     0
     0
     0
     0
     0
   102
   111
     0
     0
     0
     0
     0
     9
     6
    76
    15
     8
    14
    16
    19
    35
     0
     0
     0
     0
     0
     0
     0
     0
   186
     0
    20
     8
     0
    17
     0
     0
     0
    27
     7
    28
    35
    28
     0
     0
     9
     0
     0
     0
     0
     0
     0
     0
   149
    19
    10
     7
    10
    17
     0
     0
     0
    12
    11
     7
    21
     0
     0
     0
     0
     0
     0
     6
     0
     0
     0
     0
   156
     9
     0
     6
     0
    51
     0
     9
     0
    18
     0
     7
     0
    13
    12
     0
     0
     0
     0
     7
     0
     0
     0
     0
   154
     8
    16
     0
     6
    34
     0
     0
    16
     0
    25
    10
    20
    28
    36
     0
     0
     0
     6
     0
     0
     0
     9
     0
   154
     0
     0
     0
     6
    25
     0
     0
     0
     0
     0
    15
    11
    32
    28
     0
     0
     0
     9
     0
     9
     0
     7
     6
   137
    98
     8
     0
     0
     0
     6
     9
    50
    26
     0
     0
     0
     6
    19
    19
    10
    10
     8
     0
     0
     0
     0
     0
    98
    97
     0
     7
     0
     0
     0
    10
    32
    47
     0
     8
     0
    36
    40
     7
     0
     0
     0
     0
     0
     0
     0
     0
   188
     0
     9
     0
    12
    35
     7
     9
     0
     0
    16
    36
    35
    22
    41
     0
     0
     0
     0
     0
     0
     0
     0
     0
   211
     0
     8
     0
    16
    29
    24
     0
     0
     0
    12
    17
    32
    28
    27
     0
     8
     0
     0
     0
     0
     0
     0
     0
   190
    16
     0
     7
     7
    31
     0
     0
    15
     0
     0
     8
    31
     0
    20
     0
     0
     0
     0
     0
     0
     0
     0
     0
   130
     6
    11
     6
    17
    73
    19
     0
    10
     0
     6
    19
    18
    27
     7
     0
     0
     0
     0
     0
     0
     0
     0
     0
   148
    11
     0
    12
     0
    50
     0
     0
    11
     0
     0
     6
     0
    15
    22
     0
     0
     0
     0
     0
     0
     0
     0
     6
   146
    83
     0
     7
    19
     0
     0
    24
    28
    43
     6
     0
    19
    40
    18
    15
     0
     8
     0
     0
     0
    22
    11
     0
   100
   126
    28
     0
     8
     0
     0
    11
    34
    39
     0
    14
    16
    16
    16
    25
     0
     0
     8
     9
     0
     0
     0
     0
   146
     9
     8
     0
    11
    40
     0
     0
     0
     0
     7
    20
    11
    17
    20
     0
     0
     0
     0
     0
     0
     0
     0
     0
   156
     0
    11
     0
     0
    35
     9
     0
     0
     0
     0
     0
    24
    16
     8
     0
     0
     0
     0
     0
     0
     0
     0
     0
   142
     0
     0
     6
     0
    21
     6
     0
     7
     0
     9
    17
     8
    32
    17
     0
     0
     0
     0
     0
     0
     0
     0
     7
   176
     0
     0
     0
     0
    40
     0
     9
     0
     0
     0
    22
    47
    32
     0
     0
     0
     0
     0
     0
     0
     0
     0
     8
   214
     7
     0
     0
     0
    37
     0
     9
    20
     0
     0
    33
    23
    11
    25
     0
     0
     0
     0
     0
     0
     0
     0
     0
    86
   119
     0
     0
     0
    10
     0
     0
    47
    45
    10
    18
     0
    17
    18
     6
     8
    12
     0
     0
    15
     8
     0
     0
    70
    80
     0
     9
     0
     0
     0
     0
    39
    75
     0
     9
     0
    12
    28
    30
     0
     0
    10
     7
     0
     0
     0
     0
   205
     0
     8
     0
     0
    78
     0
     0
     0
     0
    10
    19
     7
    17
    26
     7
     0
     0
    20
     0
     0
     0
     0
     0
   163
     9
    10
     0
     9
    55
     0
     0
     0
     0
    20
     0
     9
    38
    25
     0
     0
     0
     0
     0
    11
     0
     0
    10
   173
     0
    10
     0
     0
    47
     7
     0
     0
     0
     0
     9
     0
     6
    21
     0
     0
     0
     0
     0
     6
     0
     0
     0
   132
     0
     0
    18
     0
   108
     6
     0
     8
     0
     0
    16
     0
     9
    34
     0
     0
     7
     0
     0
     0
     0
     0
     0
   179
     0
    14
     7
     0
    57
     0
     0
     0
     0
     0
    33
    21
     0
    20
     0
     0
     0
     0
     7
     0
     0
     7
     9
    56
   104
    16
     0
     0
     0
     8
     9
    38
    54
     8
     9
     0
    21
    16
    32
     0
     0
     0
     0
     0
     0
     0
     0
    94
   111
     6
     0
     8
     8
    10
     7
    40
    44
     9
     0
     0
    23
    13
    38
     0
     0
     0
     0
     0
     0
     0
     6
   194
     0
    17
    16
     8
    98
    17
    20
    21
     0
     8
     0
     0
    13
    12
     0
     0
     0
     0
     0
     0
     0
     0
     0
   141
     0
     0
     0
     0
    28
     0
     0
     0
     0
     0
    20
     6
    16
    34
     0
     0
     0
     0
     0
     7
     0
     0
     0
   232
     0
     0
     0
     0
    36
     0
     0
     8
    17
     0
    10
     7
    27
    24
     0
     0
     0
     0
     0
    11
     0
     0
    10
   184
     0
     0
    18
     0
    56
     0
     9
     0
     0
    10
    27
    25
    20
    18
     0
     0
     0
     0
     0
     0
     0
     0
     0
   175
     9
     0
    14
     0
    17
     9
     0
     0
     0
    13
     7
    27
     8
     9
     0
     0
     8
    12
     0
     0
     0
     0
     9
   111
   138
     0
     0
     0
     0
    10
     0
    38
    30
     9
     9
     0
     0
     8
    33
     0
    12
     0
     0
     9
     0
     9
    15
    75
    64
     0
     0
     9
     0
     0
     8
   108
    50
    10
     6
     0
     0
    52
     9
     0
     0
     0
     0
     0
     6
     0
     0
   156
    22
     0
     0
     0
    70
     0
    13
     0
     8
     0
     9
    12
    30
    17
     0
     0
     0
     0
     0
     0
     0
     0
     0
   191
     8
     8
     0
     8
    30
     6
    14
     0
     0
     0
    25
    24
    12
    30
     0
     0
     0
     0
     0
     0
     0
     0
     0
   121
     8
     6
     0
     0
    56
     7
     8
     0
    12
     0
    18
     9
     6
    26
     0
     0
     0
     0
     0
     0
     0
     0
     0
   128
     0
     0
     0
     0
    99
     0
     8
     0
     8
     8
    32
     8
    16
    20
     0
     0
     0
     0
     0
     0
     0
     0
     0
   167
     0
    19
     0
     0
    20
     0
     8
     0
     0
    12
    10
    31
    21
    27
     0
     0
     6
     0
     0
     0
     0
     0
     0
   110
    63
    16
     0
     0
     0
     0
     7
    27
    54
     9
     0
    17
    38
    18
    25
     0
     0
    10
     9
     0
     0
     0
     0
    99
    76
     9
    19
    14
     0
     7
    14
    55
    37
    11
     8
     0
     7
    15
     8
     0
     0
     0
     0
     0
     0
     0
     0
   226
     0
     0
     0
     8
    86
     0
    14
     0
     0
     0
    16
     8
    10
    15
     0
     0
     0
     0
     0
     0
     0
     0
     6
   193
     0
     0
     0
     0
    35
     0
     0
     0
     0
     0
    16
    28
    17
    18
     0
     0
     0
     0
     0
     0
     0
     0
     0
   203
     0
     6
     0
     0
   104
     8
     0
     0
     0
     7
    18
     0
    20
     7
     0
     0
     0
     0
     8
     0
     0
     0
     0
   136
    18
     9
     0
     9
    82
     0
     0
     7
     0
     7
    15
     0
    18
     0
     0
     0
     0
     0
     0
     0
     0
     0
     6
   202
    11
     8
     0
     9
    54
     7
    21
     0
     8
     0
     8
    15
    35
    21
     0
     0
     8
     0
     0
     0
     6
     0
     0
    60
    68
     0
    21
     0
    17
     8
     0
    47
    35
     0
     9
     8
    23
    14
    13
     0
     0
     0
    14
     0
     0
     0
    18
   107
   114
     0
     6
    19
     0
     0
     8
    87
    59
    27
     0
    10
    41
    29
    45
     0
     0
     0
     0
     0
     0
    11
     0
   169
     0
    14
     0
     0
    73
     0
     0
     0
     0
     0
    15
     7
    15
     7
     0
     0
     0
     0
     0
     0
     0
     0
     0
   152
    16
     0
    14
     0
    38
     0
     8
     0
     0
     0
     9
    21
     0
    27
     0
     0
     0
     0
     8
     0
     0
     0
     0
   182
     0
     0
     0
     0
    30
     0
     0
     0
     0
     0
    10
    35
     0
    24
     0
     0
     0
     0
     0
     0
     0
     0
     0
   177
    13
     0
     8
     6
    43
     0
     0
    10
     0
     0
     8
    19
     0
    14
     0
     0
     0
     0
     0
     0
     0
     0
     0
   169
     7
     0
    17
    16
    84
    16
     0
     7
     0
     8
    11
    17
    54
    11
     0
     0
     6
     0
     0
     8
     9
     0
     0
   105
   135
     0
     0
     0
     7
    13
     7
    49
    33
     7
     7
     0
    23
    23
    29
    11
     0
     0
     0
     0
     0
     0
     0
    80
    84
     0
     6
     8
     7
     7
    17
    53
    47
     0
     0
     0
    16
    32
    22
     0
     9
     0
     0
     0
     0
     0
     0
    74
    10
    10
     0
    11
    70
     0
     8
     7
     8
     0
    16
     0
    15
    15
     8
     0
     0
     0
     0
     0
     0
     0
     0
   186
    19
    13
     0
     0
    37
     0
     0
     0
    10
     0
     6
    28
    18
     8
     0
     0
     0
     0
     0
     0
     0
     0
     0
   161
     0
     7
     0
     7
    54
     8
     8
     0
    18
     0
    23
    15
    16
    17
     0
     0
     8
     0
     9
     0
     0
     0
     0
   187
     0
    11
     0
    18
    55
     6
     6
     0
     9
     0
    32
    15
    33
    23
    10
     0
     7
     0
     0
     0
     9
     0
     0
   153
     7
     8
     0
     0
    41
     0
    10
     0
    15
    10
     7
     9
    16
    17
     0
     0
     0
     0
     0
    10
    12
    11
    14
    60
   154
     0
    10
     6
     0
     0
     9
    51
    53
     6
     0
     0
     8
    16
    19
     0
     0
     7
     0
     0
    10
     8
     0
   125
   132
     0
     9
     7
     0
    10
     9
    66
    37
    14
     0
     0
    18
    30
    24
     0
     0
     0
     0
     0
     9
     0
     0
   157
     0
     8
     0
     8
    37
     9
     7
     0
     7
     0
    28
     8
    12
    27
     0
     0
     0
     0
     0
     0
     0
     0
     0
   153
    16
     0
    12
     8
    47
     0
     0
     0
     0
     0
     0
    16
    32
    39
     0
     0
     0
     0
     0
     0
     7
     0
     0
   195
     0
    10
     0
     0
    41
    18
     8
     0
     0
     6
    12
     6
     9
    10
     0
     0
     7
     0
     0
     0
     0
     0
     0
   149
     0
     0
     0
     0
    68
     0
     8
     0
     0
     6
    40
    12
     8
     0
     0
     0
     0
     0
     0
     0
     0
     0
     0
   197
     0
    12
     0
     0
    85
    17
     0
     0
    21
     8
     6
    17
    10
    18
     0
     6
     0
     8
     0
    10
    11
     6
     0
   102
   121
     0
    11
     8
     0
     0
     0
    49
    31
     0
     8
     0
    29
    16
    16
     0
     0
     0
    15
     0
     0
     6
     0
    85
   109
     9
     0
     7
     0
     0
     9
    45
    56
     0
     0
     0
    13
     7
     0
     0
    11
     0
     0
     0
     0
     0
     7
   168
     0
     0
     0
     0
    51
     0
     6
     0
    10
     0
     0
    13
    10
     9
     7
     0
     0
     0
     8
     0
     0
     0
     0
   164
     0
     0
     0
     0
    27
    24
     0
     0
     0
     0
    18
    16
    61
     9
     0
     0
     0
     0
     0
     0
     0
     0
     0
   215
     0
     0
     9
     7
    34
     8
     9
     9
    24
    14
    10
    18
     8
    33
     0
     0
     0
     0
     0
     0
     0
     0
     0
   173
     0
     0
     6
     0
    42
     0
     0
     0
     7
     0
    27
    52
    46
    39
     0
     0
     0
     0
     0
     0
     0
     0
     0
   187
    17
    12
     0
     7
    27
     0
    14
     9
     8
     8
    16
     7
     9
    13
     0
     0
     9
     0
     0
     7
     8
     0
     0
   126
    76
     0
     0
     0
    11
     0
     0
     0
    61
     0
    12
     0
    17
    13
    14
     0
     0
     0
     8
     0
     0
     0
    11
   115
    83
     0
     0
    15
     0
     7
     0
    67
    56
     9
    12
     0
    16
    11
     0
     0
     0
     0
     0
     0
     0
     0
     0
   230
    12
     0
    20
    21
    73
     9
     0
     9
     0
     0
    16
    14
    21
     9
     0
     0
     0
     0
     0
     9
     0
     0
     0
   211
     6
     0
    18
     7
    63
     0
     0
     0
     0
    22
    43
     0
     0
    34
     0
     0
     0
     0
     0
     0
     0
     0
     0
   215
     8
     7
     0
     0
    83
    28
     0
     7
     0
     0
    43
    18
     9
    24
     0
     0
     0
     0
     0
     0
     8
     8
     0
   196
     0
    12
    18
    14
    97
     7
     7
     0
     0
     9
    15
    35
    19
    14
     0
     7
     0
     0
     9
     0
     0
     0
     0
   224
     0
     9
    27
     9
   108
    24
     0
     0
     0
     0
    31
    22
    25
    18
     0
     0
     0
     0
     6
     0
     0
     9
     0
    85
   119
     0
     0
     0
     0
     8
     0
    67
    64
     0
     7
     7
    10
    18
     8
    11
     0
     7
     6
     9
     0
     0
     0
   125
    87
    19
     9
     6
     6
     0
     8
    41
    58
     8
     0
     8
    25
    23
    16
     0
     0
     0
     0
     0
     0
     0
     0
   128
     0
     0
    12
     0
    69
     0
     7
     9
     0
     0
    10
     0
    16
    21
     0
     0
     0
     0
     0
     0
     0
     0
     0
   226
     0
     0
     0
     0
    88
     9
     0
     0
    12
     0
    27
     0
    20
    23
     0
     0
     0
     0
     0
     0
     0
     0
     0
   257
     0
     9
     0
     0
     8
     0
     6
     0
     0
     0
    11
    13
    34
    19
     0
     0
     0
     0
     0
     0
     0
     0
     0
   136
     0
     0
     8
     9
    57
     0
     0
     0
     0
     0
     0
    18
    17
     0
     0
     0
     0
     0
     0
     0
     0
     0
     0
   146
     0
    29
     7
     0
    13
    10
     0
    11
     9
    11
    37
    18
    45
    29
     0
     9
     0
     0
     0
     0
     0
     0
     0
   104
    93
     0
    16
     9
     0
     8
     0
    77
    65
     8
    10
     9
    38
    20
    38
     0
    17
    17
    11
     0
     0
     0
     0
   104
   107
     0
     8
     0
     0
    15
    14
    25
    48
    34
     9
     9
    27
    21
    35
     0
     0
     0
     0
     0
     0
     0
     0
   219
     0
    16
     9
     0
   101
    24
     9
     9
     0
     0
    20
    19
     8
     7
     0
     0
     0
     0
     0
     7
     0
     8
     7
   147
    18
    17
    17
     7
    47
     0
     0
     8
     0
     8
     0
    15
    19
     6
     0
     0
     0
     0
     0
     0
    11
     0
     0
   191
     0
     0
    10
     0
    55
     0
    14
     0
    16
     0
    10
    33
    23
    52
     0
     9
     0
     0
     0
     0
     0
     0
     0
   244
     0
     8
     8
     0
    59
     0
    10
     0
     0
     6
     0
    37
    21
    32
     0
     0
     0
     0
     0
     0
     0
     0
     0
   219
     8
     0
     8
     7
    87
     6
    11
    12
     0
     8
     0
     7
     6
    33
     0
     0
     0
     0
     8
     0
     0
     0
     0
   103
   135
     8
     8
     0
     0
     6
    11
    33
    46
    28
     0
     0
    26
    21
    38
     0
     0
     0
     6
     0
     0
     0
     0
   100
   170
     0
     9
     0
     0
     0
     0
    53
    25
     9
    13
     0
    14
    49
    47
     0
     0
     0
     0
     0
     0
     0
     0
   237
     0
     0
     0
    11
    55
     0
     0
     0
     0
     0
    41
    45
    38
    25
     0
     0
     0
     0
     0
     0
     0
     0
     0
   216
    10
     0
    11
     0
    88
     0
     0
     0
    18
    11
    28
    19
    24
    18
     0
    10
     0
     0
    11
     0
     0
     0
     0
   224
     0
     0
     8
     8
    64
     0
     0
     0
    11
     0
    25
    26
    31
     8
     0
     0
     0
     0
     0
     0
     0
     0
     0
   170
     0
     9
     0
     0
    37
    20
    14
     0
     0
     9
    35
    15
    29
    33
     0
     0
     0
     0
     9
     0
     0
     0
     0
   176
     0
     0
     0
     7
    48
    11
     0
     8
     0
    14
    21
    16
    44
    25
     0
     0
     0
     0
     0
     6
     0
     0
     0
   136
   105
     9
     0
     7
    11
     8
     0
    43
    46
    28
    21
     0
    14
    47
    53
     7
     0
     9
     0
     0
     0
     0
     0
    83
    68
    29
    12
     0
     0
     0
     8
    69
    31
     0
    10
     0
    17
    18
    15
     0
     0
     0
     0
     0
     0
     0
     0
   234
     0
     0
    16
     0
    19
     0
     7
     0
     0
     0
     8
    12
     9
     8
     0
     0
     0
     0
     0
     9
     0
     0
     0
   191
     0
     9
     0
     7
    55
     0
     9
     0
     0
     0
    40
    36
    26
    24
     0
     0
     0
     0
     0
     0
     0
     0
     0
   192
    26
     0
     0
     9
    48
    10
     0
     8
     0
     0
    35
    16
     0
    23
     0
     0
     0
    11
     0
     0
     0
    16
    19
   207
     0
     0
     9
     0
    67
    10
     8
    20
     0
     0
    18
    24
    25
    21
     0
     0
     0
     0
     0
     0
     0
     0
     0
   202
     0
     0
     8
     9
    31
     6
     6
    11
     0
     9
    29
     6
    17
    22
     0
     8
     0
     8
     0
     0
     0
     0
     0
   122
   104
     0
     0
    21
    10
     7
     0
    67
    37
     9
     0
     0
    14
     0
    51
     0
     0
     0
     0
     0
     0
     6
     0
    74
   185
    10
     6
     0
     0
     8
     0
    38
    65
     0
    17
    13
    22
    15
    29
     0
     7
     0
     8
     0
     0
     0
     0
   192
     0
     7
    10
     0
    89
    20
     0
     0
     6
     0
     6
     8
    27
    25
     0
     6
     0
     0
     0
     0
     0
     0
     0
   241
     9
     0
     0
     0
    87
     9
     0
     8
    15
     7
    18
    13
     0
    16
     0
     0
     0
     0
     0
     7
     0
     0
     0
   218
     0
     8
     0
     0
    78
    46
     0
    16
     0
     0
     0
    16
    36
     0
     0
     0
     0
     0
    10
     0
     0
     0
     0
   184
     9
     0
    18
     0
    63
     0
     6
     0
     0
     0
    16
    14
     6
     0
     0
     0
     0
     0
     0
     8
     0
     0
     0
   196
     8
     0
     0
     0
    83
     0
    10
    21
     0
     0
    16
    34
    17
    37
     0
     0
    11
     0
     0
     0
     0
     0
     7
   114
    95
    16
     0
     6
    13
     0
     0
    50
    38
     0
     0
    21
     0
    32
     9
     0
     0
    26
     0
     0
     0
     0
     0
   137
    92
     0
     0
     9
     9
    16
     0
    38
    58
     0
     0
    18
    36
    57
    40
     0
     9
     8
     0
     0
     0
     0
     0
   179
    10
     0
     0
    10
   114
     0
     0
     0
     0
     0
    27
    29
    11
     9
     0
     0
     0
     0
     0
     0
     0
     0
     0
   170
     8
     7
    16
     0
    25
     0
     0
     0
     0
     0
    27
    14
    10
    31
     0
     0
     0
     0
     0
     0
     0
     0
     0
   164
     0
     0
     0
     7
    84
     0
    16
     0
     0
     0
    20
    16
    10
    35
     0
     0
     0
     6
     0
     0
     7
     0
     9
   136
     0
     0
     0
     6
    80
     8
    21
    10
    21
     0
    29
    23
     0
     7
     0
     0
     0
     0
     0
     9
     0
     0
     0
   134
     0
     0
     0
    20
    50
     6
     0
     0
     0
    11
    10
     8
    12
    16
     0
     9
     0
     0
     0
     7
     0
     0
    10
   178
   130
    16
     0
    16
     9
    23
    21
    37
    31
     0
     0
    15
    25
    16
     0
     0
     0
     0
    11
     9
     0
     0
     0
   116
   175
     0
    33
     0
     6
     0
    11
    45
    58
     0
     7
    19
    38
    29
    18
     0
     0
     0
     0
     0
     0
     0
     0
   228
    14
     6
     0
    10
    70
    10
     8
     0
     9
     0
    34
    38
    10
    31
     0
     0
     0
     0
     0
     6
     0
     0
     0
   176
     8
     0
     0
     0
    73
     0
     0
     0
     7
     0
    34
    18
     0
    16
     0
     0
     0
     0
    14
     0
     0
     0
    12
   214
     0
     0
     0
     0
    98
     0
     0
     0
     0
     0
     9
    17
    14
     6
     0
    10
     0
     0
     0
     0
     0
     0
     0
   191
     9
     8
     0
     7
    67
     0
     0
     9
     0
     9
     6
    30
    22
    28
     7
     0
     0
     0
     0
     0
     0
     0
     0
   146
     0
     8
     0
     0
   106
     0
     0
     0
     0
     0
    15
     0
    30
    23
     0
     0
     0
     0
     0
     9
     0
     0
     0
   110
    91
     9
     0
     8
     7
     0
     0
    17
    67
     0
     0
     0
    15
    38
    25
     0
     0
     0
     0
     0
     0
     6
     0
    81
    47
     0
    12
    18
    11
     0
     0
    86
    68
     0
     0
     0
    32
    24
    24
     0
     0
     0
     0
     0
     0
     0
     0
   249
     7
     0
     7
     0
    26
    10
    14
    20
     0
    18
    19
    16
    17
    14
     0
     0
     0
     0
     0
     0
     0
     0
     0
   245
     0
     9
     0
    10
    25
     0
     0
     0
     0
     7
    17
    37
     8
    22
     0
     0
     0
     0
     0
     7
     0
     0
     0
   190
     6
     0
     0
     0
    72
    21
    11
     0
     0
     0
    52
    19
     8
    33
     0
     0
     0
     0
     0
     0
     8
     0
     0
   207
     8
     0
     7
    12
    38
    12
     0
     9
     0
     0
     0
    16
    16
     0
     0
    10
     6
     0
     0
     0
     0
     0
     0
   203
     0
    12
    19
    11
    81
     0
    10
     0
     9
    20
    14
     0
    11
    35
     0
     0
     0
     0
     0
     0
    19
     0
     0
   142
    89
    19
     7
    21
    10
     8
     0
    35
    45
     0
    11
     0
    33
    43
     8
     0
     0
     0
     0
     6
     6
     0
    17
   171
    86
     0
     6
     7
     8
     6
     0
    78
    45
     9
     0
    31
    10
    16
    59
     0
     8
     0
     0
     0
     0
     0
     0
   215
     0
     0
    14
    10
    29
     0
     0
     0
     0
     0
    36
    31
     7
    23
     0
     0
     0
     0
     0
     0
     0
     0
     0
   274
     0
     0
     8
     0
    85
     0
     0
     0
     0
     0
     0
    24
    16
    34
     8
     0
     0
     0
     0
     0
    10
     0
    11
   158
     6
     0
     0
    16
    52
     6
     0
     0
     8
     0
    41
    17
    40
    27
     0
     0
     0
    10
     0
     0
     0
     0
     0
   183
     0
    10
    17
     7
   104
     7
     8
     0
     0
     0
    40
    26
    10
    12
     0
     0
     0
     0
     0
     0
     0
     9
     0
   242
     0
     8
     0
     0
    75
     0
    14
     8
     9
     7
    22
    41
     9
    37
     0
     0
     0
     0
     0
     0
     0
     0
     0
   133
    79
     0
     0
     9
    22
     0
     7
    64
    50
     8
     6
     8
    16
    15
    21
     0
     0
     0
     0
     0
     7
     0
     0
   187
    60
    12
     7
     0
     0
     0
     8
    57
    89
     8
    15
    10
    16
     9
    32
     0
     0
     0
     0
     0
     9
     0
     0
   241
     0
     0
    21
     0
    73
     0
     0
    20
     0
    19
     7
    10
    10
    40
     0
     0
