    16
     0
     0
     0
     8
     0
     7
   559
    18
     8
     8
    24
   219
     7
     0
    37
    16
     9
    47
    56
    99
    41
     0
     0
    11
     0
     0
     0
     6
     9
     0
   535
    15
    18
    16
     0
   246
    17
     0
     0
    25
    16
    59
    34
    79
    89
     0
    10
     0
     9
     0
     0
     0
     0
     0
   552
    33
     6
     8
     7
   157
     0
     0
    17
     9
     6
    52
    80
    68
    74
     0
     0
     9
     8
     0
     0
     0
     0
     0
   502
     0
    14
    10
     8
   167
     8
     8
     7
     7
    16
    64
    64
    57
    36
     0
     6
     9
     9
     0
     0
     0
     0
     0
   444
    28
     8
     8
     0
   158
    22
    41
     8
    30
     6
     9
    62
    49
    33
     0
     0
    18
     0
     0
     0
     0
     0
     8
   220
   346
     9
    36
     0
    16
     9
     9
   134
   101
     0
     8
    35
    70
    45
    41
     0
     0
     6
     0
     0
     8
     0
     0
   299
   301
     7
    26
    24
     9
    57
    26
   158
   177
     8
    48
    31
    68
    60
    50
     0
     7
    10
     0
    11
     0
     8
     0
   562
    12
     6
    15
     0
   179
     9
     0
     7
    10
     8
    50
   112
    52
    76
    15
     7
     0
     8
     0
     0
     0
     0
     0
   507
     9
    18
    27
    22
   277
     8
    18
     0
    27
     0
    85
    75
    25
    53
     0
     0
     0
     6
    10
     9
     0
     0
     7
   456
     6
     6
     0
     9
    87
    15
    15
    18
    14
     8
    60
    31
    52
    50
     6
     0
     0
    18
     0
     0
     0
     0
     0
   599
     7
    19
    19
    24
   192
     0
    17
    22
     0
     7
    33
    46
    68
    82
     0
     0
     0
     0
     0
    12
     0
    10
     0
   465
    58
     0
    10
     0
   129
     7
    41
    30
    16
     9
    45
    46
    56
    35
     0
     0
     0
     0
     0
     0
     0
     6
     0
   278
   309
     0
    26
    28
     0
    23
     8
   105
   164
    16
     0
    24
    15
   104
    68
     0
     0
     0
    18
     0
     0
     8
    16
   347
   361
     9
     0
    13
     0
    14
    12
   175
   149
     6
    11
     9
    84
    30
    13
     0
     0
     0
     0
     0
    21
     8
     0
   537
    19
    17
    20
     0
   172
    20
    43
    22
    23
    10
    87
    46
    37
    62
     9
     0
     0
     8
     8
     0
    10
     0
     6
   569
     6
     0
     9
    13
   124
     0
    20
     6
    27
    11
    44
    62
    45
    49
    18
    15
     0
     6
     7
     0
    11
     0
     0
   475
    13
     0
    17
     0
   103
    16
     0
    29
     0
    28
    27
   106
    17
    25
     0
     0
     0
     6
     0
     0
     9
     0
     0
   408
     6
    23
    20
    17
   196
    17
    29
    14
    18
     9
     7
    41
    17
    43
     0
     0
     0
     0
     0
     9
     0
     0
     0
   764
    16
     7
     9
     6
   162
    13
     8
    30
    26
    20
    74
    69
    59
    66
     0
     8
    17
     7
     7
    21
     9
    21
    10
   231
   254
    20
     6
    20
     0
    10
     6
   182
   191
    30
    24
    25
    36
    36
    40
     0
    29
     0
     0
     0
     9
     0
     0
   283
   337
    14
    25
     0
    34
    15
    19
   171
   166
    32
     8
    20
    58
    94
    78
     0
    13
     6
     0
     8
    10
     0
     7
   477
    16
     8
     0
     8
   149
    10
     6
    39
    18
    27
   121
    52
    64
    39
     6
     0
     0
    17
     7
     0
     8
     0
     0
   399
    13
     6
     9
     7
   147
     6
    17
     0
    26
     0
    84
    55
    56
    53
     0
     0
     0
     0
     0
    10
     0
     0
     6
   444
    34
    14
    15
    24
   177
     0
     8
     0
    20
    21
    35
    61
    29
    67
     0
     0
     0
     0
    20
     6
     0
     0
     0
   533
    28
    23
    25
    17
   162
    11
    18
    22
    35
     6
    21
    47
    22
    50
     0
     0
    15
    10
     0
     8
    12
     0
    10
   561
     0
     6
     0
    16
   184
    11
     6
    19
    10
     8
    31
    72
    39
    39
     0
     0
     7
     0
     9
     7
     0
     6
    16
   212
   293
     7
     0
     0
    11
    22
    17
   107
   180
     8
    18
     8
    44
    33
    94
     9
     0
    14
    16
     0
     8
     7
     0
   270
   268
    13
     0
     9
     8
    23
    13
   112
   152
    20
     0
    19
   107
    59
    49
     7
     8
     0
     0
     8
     0
     0
     6
   540
     0
     0
    32
     0
   237
    10
    28
    20
     8
     9
    53
    59
    61
    42
     0
     0
     0
     0
     0
     0
     0
     0
     0
   434
     7
    12
     9
     7
   135
    15
     0
    41
    10
    30
    53
    35
    57
    37
     7
     0
     0
     0
    10
     0
     0
     0
     0
   504
     0
    19
    39
    18
   205
     8
    18
    19
     0
     0
    41
    32
    32
    67
     0
     7
     0
     0
     0
     0
     0
     0
     0
   583
    16
    49
    17
    18
   154
    10
     8
    26
     7
    14
    43
    23
    54
    61
     0
     0
     7
     0
     0
     0
     0
     0
     8
   504
    25
    30
     0
     9
   176
    27
     0
    51
     6
    16
    50
    52
    35
    27
     0
     0
     6
     0
     7
     0
     0
     0
    10
   322
   206
    15
     0
    24
    30
    17
    19
   134
   178
     0
     0
     6
    73
    44
    53
     8
     7
     0
    12
     0
    16
     0
    20
   267
   230
     7
    17
     0
    17
     9
     6
   109
   153
     0
     8
    20
    51
    79
    90
     0
     0
     0
     0
     6
     0
    13
     7
   537
     0
     0
     0
    21
   140
    24
    15
     6
    23
    17
    29
    33
    45
    43
     9
     0
     0
     0
     0
     0
     9
     6
     0
   440
    37
     8
     0
     6
   196
     0
    11
    13
     0
     6
    66
    67
    76
    50
     9
     0
     0
     6
     0
     0
     0
     0
     0
   559
     9
     9
     8
    18
   188
    22
    17
     0
    15
     0
    39
    68
    56
    50
    26
     0
     0
     6
     0
     0
    11
     0
     0
   435
    32
    10
    24
     0
   154
    21
    29
    10
    25
    25
    71
    49
    66
    23
     9
     0
     0
     0
     7
    14
     0
    10
     0
   567
     8
    10
     0
     0
   197
     0
    26
    10
     8
    24
    49
    91
    52
    48
     0
    15
     6
    15
     8
    18
     0
     0
     8
   311
   221
    26
    10
    30
     7
    24
     0
   169
    71
    20
    13
     0
    80
    34
    84
     0
     0
     0
    19
     0
    19
    10
     8
   278
   307
    19
     0
     6
     0
     8
    10
   111
   130
    11
     0
    23
    37
    51
    72
     0
    17
     0
     0
     0
     0
     0
     0
   478
    29
    20
    10
    24
   148
    37
     0
     0
     0
    14
    62
    44
    34
    53
     0
     9
     9
     0
     0
     8
     0
    16
     0
   461
     8
     6
    18
    18
   146
    27
     8
     0
     0
     0
    81
    99
    65
    35
     0
     0
     0
    14
     0
     0
     0
     0
     0
   507
    23
     9
    14
    48
    96
    18
    11
     9
     7
     8
    60
    99
    51
    53
     0
     0
     0
     7
     0
     0
     0
     0
     0
   412
    16
    25
    31
    29
   159
     8
    23
    24
    16
     7
    44
    42
    34
    76
     7
     0
     0
     0
     8
     0
     0
     0
     0
   453
    16
     9
     7
    28
   185
     6
     0
     8
     8
    15
    55
    48
    65
    62
    14
     0
    10
    22
     0
     0
     9
     0
     0
   262
   256
     0
    12
     9
    44
    23
    20
   228
   136
    24
     6
     6
    80
    22
    93
     0
     0
     8
    13
    26
    10
     0
     0
   338
   248
    16
     8
    26
    19
     6
     6
   211
   131
    16
     0
     8
    25
    85
    47
    13
     0
     0
     0
     0
     7
     0
     0
   639
     9
    42
     7
    12
   236
    17
    10
    16
     7
    18
    57
   109
    39
    68
     9
     0
     0
     0
     0
     0
     0
     0
     0
   481
     8
    17
     0
    10
   204
    23
     0
     0
    26
     8
    70
    40
    79
    50
     0
     0
    13
     6
     0
     0
     0
     9
     7
   591
    20
    16
     0
    20
   188
    11
    13
    13
     0
    22
    62
    48
    35
    55
     0
     0
     0
     0
     0
     0
     9
     0
     0
   523
     6
    18
     8
     0
   131
    17
    22
    10
    16
    30
    70
    65
    44
    41
     0
     0
     0
     0
     9
     9
     0
     0
     0
   483
     7
    11
    14
     0
   186
     9
    24
    15
     6
     9
    44
    71
    59
    41
     0
     7
    10
     0
     0
     9
     7
     0
    11
   238
   285
     7
    24
     7
    28
     9
    38
   156
   173
    14
    15
     9
    98
    79
    32
     0
     0
     0
    21
     8
     0
     0
     0
   363
   316
    28
    17
    20
     9
    18
    12
   101
   179
     0
     9
     0
    84
    57
    54
     0
     0
     0
     0
     0
     0
     0
    10
   480
     0
    25
    18
     9
   196
    10
     7
    21
     7
    32
    83
    32
    52
    48
     0
     9
     0
     0
     0
     0
     9
     9
     0
   534
    15
     0
    13
    27
   206
    11
    23
    36
     0
    50
   102
    75
    13
    96
     8
     0
     0
    15
     0
     7
     0
     0
     0
   591
    18
    36
    33
     8
   125
    10
    16
    16
     0
     0
    48
    62
    75
    50
     0
     0
     0
     0
     7
     0
     0
     0
     0
   488
    18
    28
     0
    20
   109
     8
     0
     8
     8
    25
    48
    22
    15
    55
     0
     0
     0
     0
     0
     8
     0
     0
     0
   424
    19
    37
     0
    11
   202
    10
     0
     9
     0
    22
    69
    73
    74
    56
     8
     0
     0
     9
     0
     0
     0
    12
    27
   325
   351
    36
     8
    25
     7
    10
     0
   132
   102
     0
    15
     8
    96
    72
    98
     9
     7
    13
     0
     0
    20
     0
     8
   311
   377
    24
     8
    27
    24
     0
    26
   160
   169
    11
    18
    13
    42
    65
    24
     0
     0
     0
     9
     0
     0
     0
     6
   494
    42
     0
    19
    21
   205
     0
     7
    26
    11
     9
    85
    36
    77
    50
     0
    17
     0
     0
     0
     6
     0
     0
     0
   669
    12
    32
    17
     0
   225
    12
     8
    26
    30
     6
    67
    87
    61
    68
     0
     0
     0
     0
     0
     0
     0
     9
     0
   475
     0
     6
     8
    19
   203
    19
    10
     0
    15
    29
    66
    97
    77
    59
     0
     6
     0
     0
     0
    14
     0
     8
     0
   579
    16
    17
     9
    17
   154
    26
     0
     0
    13
     0
    69
    36
    35
    68
     0
     9
     8
     0
     0
     7
     0
     0
     0
   595
    15
    24
    18
    23
   199
     8
     8
    11
    18
     7
    19
    47
    55
    46
     0
     0
    14
     7
     8
    21
     0
    11
     0
   269
   297
    25
     0
    26
    25
     0
    16
   167
    92
     8
    25
    23
    52
    96
    64
     0
     0
    20
    10
    19
     6
     0
    15
   314
   262
     7
    26
     9
     8
     6
    17
   121
   158
    31
    30
    22
    59
    36
    48
     0
     0
     0
     9
     0
     0
     0
     0
   481
    16
     0
     8
    23
   131
    13
     8
    23
    20
     9
    42
    42
    23
    16
     0
    10
     7
     0
     7
     0
     7
     0
     0
   530
     0
    29
    10
    10
   101
    15
     8
    10
     8
    20
    41
    53
    21
    35
     0
     0
     0
     0
    10
     0
     9
     0
     0
   415
    25
    18
    30
     7
   171
    32
    16
     6
     0
    28
    50
    33
    97
    64
     0
     0
     0
     0
     0
     0
    34
     0
     7
   460
    54
    13
    10
    18
   134
    16
    14
    11
    15
     8
    72
    76
    54
    53
     0
     0
     0
     0
     0
     0
     0
     0
     9
   538
     8
     0
     0
     8
   172
    17
    15
    25
     9
    14
    32
    44
    37
    37
     0
    19
     0
     0
     0
     0
     8
    10
     0
   345
   199
    24
    25
     9
     8
     8
     0
   135
   161
     9
    10
    44
    50
    83
    69
     8
     0
     9
     0
     0
     0
     0
     0
   329
   362
    16
    25
     7
     8
    44
    44
   115
   163
     9
     8
    12
    64
    60
    63
     0
     0
     0
    10
     8
     0
     0
     0
   485
     9
     8
    20
    18
   172
    20
     9
    11
    27
     8
    76
   112
    92
    52
     9
     9
     9
     0
     0
     0
     0
     0
    10
   554
     0
    16
     9
     0
   120
    22
    24
    10
    18
     7
    47
    65
    25
    57
     0
     8
     0
    12
     0
     6
     9
     0
     6
   427
     7
    18
    14
    24
   127
    17
    21
    33
     7
    16
    48
    55
    50
    42
     0
     0
     0
     0
    19
     0
     0
     8
     0
   410
     7
     0
    22
    16
   163
     6
    12
    27
     9
    10
    65
    60
    88
    45
     0
     0
     0
     0
     0
     0
     6
     0
     0
   540
     8
     8
     0
     7
   162
    31
    26
    14
     9
    11
   104
    69
    50
    49
     0
     0
    17
     7
     0
     7
     8
     9
     0
   204
   205
     9
    14
    20
     8
     7
     8
    94
   122
    14
    19
    35
    76
    54
    43
     9
     6
     0
     0
     0
    14
     9
     0
   296
   273
     8
    25
    10
    29
    18
    12
   182
   104
    17
     9
     0
    52
    55
    96
     7
     0
     9
     0
     0
     0
     0
     0
   534
    33
     6
     8
     7
   150
     0
     6
    24
    28
     0
    43
    60
    64
    78
     0
     0
     0
     0
     0
     0
     8
     0
     0
   541
    16
    20
    37
    14
   104
    16
     9
     9
    20
     0
    26
    95
    64
    52
     7
     0
    19
     0
     0
     0
     8
    11
     0
   521
     7
     9
     8
    19
   211
    27
    10
    15
    15
     0
    57
    50
    35
    52
     0
    16
    11
     0
     0
     0
     8
    11
     0
   499
    10
    15
    14
    30
   245
    26
     0
    18
     7
     7
     7
    92
    45
    63
     0
     9
     0
     0
     0
     0
     9
     0
     0
   545
    24
    30
    21
     7
   270
     0
     0
     9
    27
    27
    27
    71
    59
    67
    12
    12
    12
     0
     8
     0
     9
     7
    15
   282
   276
    10
    17
     9
    10
    15
    33
    94
   141
    15
    15
    21
    91
    51
    75
     9
     9
    16
     9
     0
     8
     8
     0
   262
   328
     0
    14
     6
    21
    26
     7
    67
   110
    20
     7
     8
    65
    46
    72
     0
     0
     7
     6
     8
     0
     0
     0
   422
     0
     6
    23
     0
   210
     0
    27
    27
     9
     0
    19
    43
    72
    72
     0
     0
     0
     0
     0
     0
     0
     7
     0
   574
     7
     0
     8
     0
   152
     8
    16
     7
    22
    27
    71
    37
    35
    50
    10
     8
     0
     0
     0
     0
     9
     0
     0
   582
     7
    18
    33
    20
   101
     6
     0
     7
     7
    30
    50
    69
    54
    88
     0
     0
     0
     8
     0
     0
     7
     6
     0
   421
     6
     7
    10
    11
   182
     0
     8
     8
    10
     9
    71
    43
    38
    61
     0
     0
     8
     9
     0
     0
     6
     0
     0
   639
     7
    11
    31
    11
   168
     7
     8
     8
    10
     0
    34
    40
    67
    29
     0
     0
     7
    20
    19
     8
     0
    10
     0
   260
   234
     0
    18
     0
    10
    11
    29
   183
   139
     9
     7
     9
    84
    93
    84
     0
     0
     0
     0
     0
     0
     0
    17
   282
   248
    15
    12
    21
     0
     0
    16
   143
   178
     8
    17
    23
    69
   127
    25
     0
    10
     0
     7
     0
     8
     0
     0
   419
    13
    16
    28
     6
   129
    33
     0
    22
     0
     7
    34
    33
    51
    61
     0
     0
     0
     0
     0
     0
     0
     7
     8
   415
    10
    19
    34
    21
   111
     7
     0
     0
     8
    26
    49
    28
    47
    38
     0
     0
     0
     0
     8
     0
    20
     0
    10
   444
    21
    13
     0
    31
   116
    45
    11
    11
    19
     0
    29
    41
    53
    27
     0
     7
     0
     0
     0
     0
     0
     0
     0
   493
     7
     8
     0
    14
   146
    15
    24
     0
     0
     0
    92
    33
    47
    68
     9
     0
     0
    11
    17
     0
     0
     0
    10
   558
     8
    20
     8
    14
   186
     6
    18
     0
    13
     6
    62
    48
    47
    42
     0
    10
    11
     6
     0
     0
     9
     8
     0
   232
   240
    27
    10
    39
     9
     0
    15
   105
   123
    10
     6
    15
    46
    69
    47
     9
     0
     0
    10
     0
    22
    10
     0
   257
   239
    10
     0
    36
    60
    23
     7
   152
   156
    18
    19
    15
    68
   112
    12
     0
     0
     0
     0
     6
     0
     8
     0
   474
    16
    18
    10
    32
   173
     6
    14
     0
     0
     0
    21
    34
    45
    42
     0
     0
     0
     0
     8
     0
     8
     9
     7
   537
    11
    10
     6
    32
   161
     0
     7
     7
     7
     7
    50
    39
    46
    58
     0
     0
    11
     0
     0
     6
     0
     0
    10
   467
    25
    17
     0
     7
   151
     7
     8
    29
     0
    15
    42
    18
    33
    39
     0
     0
     0
     6
     6
     0
     0
     0
     0
   477
     0
     8
     0
    20
   136
     7
    15
    10
     9
     0
    34
    44
    35
    51
     9
     0
     0
     0
     0
     0
     0
     0
    10
   391
     0
    17
     0
     7
   193
    16
    15
    36
    19
    33
    55
    55
    31
    58
     0
    18
     7
     0
    10
     6
     0
     9
    14
   245
   250
    30
     0
    34
     8
     9
    27
   169
   126
    25
    27
     0
    35
    88
    13
    11
     0
    10
     8
    19
     7
     0
     9
   358
   323
     0
    19
     8
    10
     0
     0
   145
   147
    18
    11
    23
    45
    39
    58
     0
     0
     0
     0
    17
     0
     0
     0
   414
     8
    11
     8
    28
   155
     7
     0
     9
    18
    33
    31
    75
    77
    38
     0
     0
     0
     0
     0
     0
    17
     0
     0
   562
    12
    10
    23
    16
   173
     9
    27
     8
    11
    28
    42
    31
    52
    66
     0
     0
     0
     0
     0
     0
     8
     6
     0
   429
     0
     7
    18
    18
   203
     0
    18
    29
     0
     6
    53
    23
    96
    61
     0
     0
     8
     0
    11
     0
     0
    18
     0
   469
     9
    16
    18
     7
   163
    38
     0
     8
    22
     8
    55
    78
    66
    80
     0
     0
     0
     0
     0
     0
     0
     0
     0
   561
    33
    30
    17
     6
   169
     7
    28
     8
    17
    11
    32
    51
    53
    30
     0
     8
     0
     0
     0
    10
     8
     0
     8
   273
   359
     0
    27
    28
    10
     0
     8
   152
   147
    31
     0
    10
    61
    99
    49
    28
    18
    11
     0
     0
     7
     8
    10
   286
   292
     0
    14
     8
     7
     8
     8
   112
   140
     7
     7
    27
    53
    76
    53
     0
     0
     7
     0
     0
     0
     0
     0
   506
     9
     9
     7
     7
   112
     8
    28
    15
    18
     0
    55
    48
    41
    25
     0
     0
     0
     0
    10
     0
    10
     0
    17
   484
    16
    17
     0
     0
    99
     0
     0
     9
    18
    16
    49
    58
    70
     6
     8
     0
     0
     0
     6
     0
     0
     7
     0
   493
    31
     0
     0
     0
   170
     7
     9
    37
    15
     0
    58
    64
    54
    34
     7
    11
     0
     0
     0
     0
     9
     0
     0
   591
     8
    17
     0
     8
   191
    14
    36
     9
     0
    17
    55
    21
    24
    68
     0
     0
     0
    10
     0
     8
     0
     0
     0
   453
     6
    10
    18
    24
   128
    28
    18
     0
    20
    10
    32
    25
    41
    59
     8
     8
     9
    17
     7
     7
    10
    15
    10
   300
   315
     0
    13
    43
    21
    15
     0
   194
   120
     0
    18
     8
    38
    69
    41
     0
     6
     6
     0
     8
     0
     0
    14
   353
   276
    18
    16
    20
    42
     8
    22
   156
    98
    17
    42
     0
    25
    43
    69
     0
     0
     0
     0
     0
     0
     0
     0
   513
     6
    16
     0
    26
   149
     0
    16
    15
    26
     8
    39
    35
    37
   112
    10
     0
     8
     0
     8
     0
     0
     0
     7
   398
     0
    20
    17
    35
   215
    11
    36
    18
     0
     6
    25
    52
    70
    87
     0
     8
     6
     0
     0
     0
     0
     0
     0
   473
     0
    14
     8
    16
   138
     0
     0
     7
    24
    11
    22
    76
    62
    27
     0
     0
     9
     0
     8
     0
     0
     0
     0
   432
     9
     8
     7
    23
   144
     7
    12
     9
     8
    10
    74
    48
    63
    44
     0
     0
     0
     0
    17
    10
     0
     0
     0
   415
     7
    16
    51
     8
   139
    10
     7
     7
     8
     9
    48
    47
    76
    41
     7
    25
     0
     0
     0
     0
    17
     0
    10
   223
   311
    11
    13
    24
     9
    18
    10
   117
   159
    35
     0
    16
    50
    60
    44
     0
     0
     0
     6
     8
    14
     0
     6
   285
   262
     0
    27
    10
     0
     6
     9
   219
   188
     0
    25
    28
     7
    57
     8
     0
     0
     0
     0
     0
     0
     0
     0
   432
     0
     7
     0
     0
   163
    10
    21
    25
    36
     8
    36
    27
    56
    56
     0
     0
     0
     0
     0
     0
    12
     0
     0
   511
     8
     9
    22
     9
   157
    11
     0
    23
     7
     0
   117
    84
    44
    61
     0
     0
     0
     0
     0
     0
     7
     0
     0
   400
    35
    28
     7
    10
   149
    18
    10
    19
     6
     0
    63
    49
    15
    46
     0
     0
     0
     0
     0
     0
     7
     0
     7
   484
     6
    28
    16
     9
   179
     8
    21
    18
    15
    28
    55
    36
    35
    54
     0
     6
     0
    12
     0
     0
     0
     0
     0
   414
     6
     6
     0
    34
    93
    10
     0
    10
     0
     0
    45
    47
    41
    29
     6
     0
    10
     0
    27
     9
     6
     7
     7
   337
   211
     7
     6
    14
    28
    19
     8
   119
   207
    25
     0
    33
    52
    64
    51
     6
     0
    24
     7
     8
    10
     0
    12
   247
   290
     7
     0
    23
     0
    30
     9
   162
   126
    10
    17
     7
    30
   100
    78
     0
     0
     0
     0
     0
     8
    18
     0
   452
    41
    12
     6
     7
   130
     8
     8
     0
    17
     7
    34
    51
    53
    71
     0
     0
    10
     0
     0
     8
     0
     0
     0
   576
    11
    14
     9
    16
   121
     7
    14
     9
     7
     0
    19
    24
    76
    60
    10
     0
     0
     0
     0
    12
     0
     0
     9
   564
    11
     6
    20
     0
   253
     0
     0
    22
     9
    11
    49
    19
    48
    47
     0
    11
     0
     0
     0
     0
     0
     7
     8
   430
    24
    21
     0
    14
   144
     0
     8
    17
     7
    34
    39
     9
    68
    38
     0
     0
     0
     0
     0
     0
     0
    11
     0
   461
    33
    17
     0
     0
    93
    13
     9
    17
     6
    20
    30
    51
    49
    42
     0
     8
     0
     6
     0
     0
     9
     0
     0
   314
   241
    25
    16
     0
     9
     0
     0
    98
   175
     6
    10
    14
    40
    91
    71
     6
     9
     0
     0
     0
     6
     0
    11
   265
   344
    10
     0
     0
    12
    14
    26
   114
   108
     7
     0
     0
    43
    26
    57
     0
     0
     9
     0
     0
     0
     0
     0
   505
    19
    33
    21
     0
   227
     8
    16
     0
    15
    10
    41
    50
    44
    66
     0
     0
     0
     0
     0
     0
     0
     0
     8
   452
    40
    45
    19
    19
   173
     8
    11
    36
     8
     0
    31
    30
    26
    80
     0
     0
     0
     0
     0
     0
     6
     0
     0
   470
    15
    10
     9
     0
   150
    21
    11
    11
     7
    16
    57
    23
    55
    81
     7
     0
     0
     0
     0
     0
     0
     0
     0
   379
     8
    10
    18
     0
   164
     0
    16
    19
     7
    15
    35
    52
    59
    48
     0
     0
    19
     0
     0
     0
     0
     0
     9
   374
     0
    17
    22
     6
   239
     8
     0
    17
     0
     0
    42
    34
    62
    28
     0
     0
     0
    17
    10
     0
     0
     0
     8
   256
   240
    16
     9
    10
    26
     7
    10
   110
   116
    16
    28
    20
    59
    26
    39
     6
     6
     0
     0
    26
     0
     0
     0
   233
   274
     8
    25
     8
    16
    11
     0
   140
    73
     8
     0
     7
    42
    42
    91
     0
     7
     0
     0
     0
     0
     0
     0
   576
    17
    16
     0
    17
   220
     0
    44
     0
    34
     7
    47
    25
    58
    67
     0
     0
     0
     0
     7
     0
     0
     8
     0
   487
     9
    18
    10
    19
   147
    30
    24
     0
     9
    16
    55
    50
   105
    55
     0
     0
     0
     0
     0
     0
     9
     0
     0
   411
    12
     9
    42
     7
   186
     0
     0
    11
     0
     8
    61
    22
    60
    71
    26
     0
     0
    10
     8
     0
     9
     7
     7
   462
    11
     0
     8
    19
   103
    26
    15
     0
     6
     0
    87
    47
    35
    57
     0
     0
     0
     0
     7
     0
     0
     9
     0
   464
    19
     8
    21
     0
   116
    16
     7
     6
     7
     0
     7
    96
    61
    41
    11
     0
     0
     0
     0
     8
     0
     9
     0
   261
   265
    36
    18
     8
     0
    21
    14
   141
   132
    35
    28
    28
     7
    32
    61
    15
    11
    16
    15
     0
     0
     0
     7
   284
   205
    17
    10
     0
    22
    25
     9
   124
    93
    15
     9
    10
    54
    43
    46
     0
     9
     0
     0
     0
     0
     0
    16
   522
     8
    19
     7
     9
   155
    15
    13
    15
     0
    12
    40
    29
    50
    68
     0
     0
     6
    10
     0
     8
     8
     0
     0
   473
     0
     0
    20
    16
   135
     0
    18
     0
    10
     0
    29
    21
    33
    23
     0
     0
    10
     0
     0
     0
     0
     0
     0
   467
     0
    10
    15
    11
   129
     6
     0
    16
     6
     0
    80
    42
    58
    70
     0
     0
     0
     0
     0
     0
     0
    13
     8
   501
    17
     6
     0
     0
   129
    28
     0
     0
    10
     7
    26
    34
    27
    47
     8
     0
     9
     0
     0
     0
    16
     0
     0
   472
    28
    25
     0
    12
   177
    19
     7
    22
    22
     6
    38
    47
     7
     6
     0
     0
     0
    12
     0
    16
     8
     7
     7
   311
   220
     6
     0
     6
     0
     7
    17
   113
   144
    10
     8
     8
    37
    29
    31
     0
     8
     0
     6
     0
    17
    14
    34
   214
   282
     9
    18
    22
    34
     0
    45
   133
   159
     7
     0
    25
    35
    30
    86
     9
     0
    10
     0
     0
     0
     0
     0
   472
     0
    30
    10
    16
   120
    15
    28
    14
     0
    15
    42
    35
    56
    52
     0
     0
     6
     0
     6
     0
     0
     0
     0
   577
     0
    12
     0
     6
   162
    12
    14
     0
    23
     0
    38
    64
    29
    82
     0
     0
     0
     8
     0
     0
     7
     0
    12
   452
     7
     0
     0
     0
   153
    24
    23
     0
     8
     7
    26
    44
    49
    45
     8
     0
     0
     0
     0
     0
     7
     0
     0
   424
    17
    10
     0
    27
   171
     0
    17
    18
    20
     0
    16
    38
    66
    38
     0
     0
     0
     0
     0
     0
     0
     8
     0
   539
     0
     7
    26
    17
   139
    11
     0
    18
    18
     0
    42
    65
    32
    33
     0
     8
     0
     7
    14
     0
     0
     0
     6
   288
   285
    17
     7
    26
    21
     6
     6
   134
   123
     8
     0
    22
    32
    31
    25
     9
     0
     9
     0
     8
     0
     7
     0
   204
   179
     0
     7
     7
    16
    16
     9
   114
    99
     6
     0
     0
    80
    30
    54
     0
    17
     0
     0
     7
     0
     0
     0
   469
    18
     0
     9
    17
   157
     9
     0
     8
    17
     0
    12
    28
    54
    44
     0
     0
     0
     7
     0
     7
     0
    10
     0
   450
    10
     0
    10
    15
   145
    25
     8
     6
    15
     0
    36
     7
    23
    52
     0
     0
     0
     0
     0
    20
     0
     0
     8
   430
    17
     8
     6
    10
   133
    12
    15
     0
     9
    17
    53
    47
    28
    15
     0
     0
     0
    10
     0
     0
     0
     0
     0
   403
    22
     6
     7
     0
   151
    17
    17
     9
    14
    29
    48
    29
    54
    17
     0
     9
     6
     0
     0
     0
     0
     0
     0
   403
     9
    16
     8
     0
   112
    16
    27
    14
    18
     9
    37
    48
     0
    39
     0
     6
     8
     8
     0
    16
     0
     0
     9
   217
   254
    14
    31
    23
     7
     6
    17
   118
   115
    32
    28
    34
    53
    57
    68
     0
     8
     0
     9
     0
     0
    17
    15
   292
   181
    14
     7
     0
    10
     8
     7
   161
    80
     0
     6
     0
    39
    56
    62
     0
     0
     0
    10
     0
     0
     0
     0
   530
     8
    36
     0
    16
   128
     9
     7
    23
    10
    10
    74
    16
    91
    44
     0
    11
     0
     0
     0
     0
     0
     0
     0
   393
     6
     6
     0
     0
   141
    39
     9
    15
     0
     9
    36
    42
    68
    72
     0
     0
     0
     0
     0
     7
     0
     0
     0
   484
    17
     8
     0
     0
   133
     0
     7
    21
     0
    34
    46
    55
    71
    48
     0
     0
     0
    17
     0
    13
     0
     0
     0
   499
    24
     0
     8
    11
    65
     9
    22
    10
     0
     9
    52
    43
    37
    39
     0
     0
     0
     0
     0
     8
     7
     0
     0
   337
     0
    29
     0
     8
   140
     0
    28
    25
     7
     9
    48
    15
    63
    51
     0
     0
     0
     0
     0
     0
    16
     0
    16
   377
   192
     9
    19
     0
    24
     0
    10
   138
   183
     8
     0
    15
    36
    41
    82
     0
     0
     6
     0
     9
    19
     0
     6
   292
   220
    14
    17
    10
    14
    35
    35
    69
   162
     7
     0
    14
    29
    53
    57
     0
     0
     0
     0
     0
     0
     0
     0
   486
    22
     0
     0
     0
   136
     0
     0
    50
    26
     9
    53
    55
    23
    24
     0
     0
     9
     0
     0
     0
    17
     0
     0
   308
     9
    16
    16
     8
   127
     0
    17
     0
     0
    10
    38
    55
    16
    42
     7
     0
     0
     8
     0
     8
     0
     0
     0
   412
     0
     6
     7
     6
   159
     0
     0
     6
     0
    17
    69
    38
    34
    57
     0
     0
     8
     0
     9
     0
     0
     9
     0
   458
    23
     0
    14
    18
   133
     9
    14
     0
    12
     7
    40
    78
    59
     6
     0
     0
     0
     0
     0
     0
    10
     0
     0
   404
    11
    15
    16
     0
   136
     9
     6
     6
     0
     0
    52
    52
    30
    44
     0
     6
    33
     8
    17
     0
     0
     0
     6
   315
   300
     7
    20
     0
     7
    17
     0
   132
   150
    18
    19
    29
    41
    57
    28
     0
     0
    16
     6
     0
     6
     9
     0
   253
   277
    14
    22
     0
     6
    22
     0
   101
    71
     7
    26
    15
    69
    27
    62
     0
     0
     0
     0
     0
    10
     9
    11
   417
    35
    16
    19
     7
   142
    21
    38
     0
    16
    20
    33
    54
    68
    40
     0
     0
     6
     0
     0
     0
     0
     8
     0
   471
     7
     0
    16
     6
   153
     0
     6
     7
     0
     0
    50
    33
    45
    45
    17
     0
     7
     0
     0
     0
     0
     9
     0
   381
    26
     7
    16
     0
   129
     8
    31
    15
    17
    16
    62
    37
    34
    37
     0
     0
     0
     0
    10
     0
     0
     0
     0
   387
     6
     0
     7
     9
   171
     8
    17
     0
    18
     7
    55
    39
     7
    91
     0
     0
    10
     0
     0
     0
     0
     0
     0
   507
     0
     7
     9
    19
   104
    16
     9
    11
     0
     7
    14
    20
    59
    34
     8
     0
     0
     0
     9
     6
     0
     9
    15
   199
   143
     0
    33
     0
     0
     0
    23
    96
   148
     0
     6
    25
    68
    10
    56
     0
     0
     0
    16
     0
     0
     0
    10
   268
   282
    12
     6
    27
    31
     9
    11
   133
   134
     0
    12
     7
    36
    61
    37
     8
     0
     6
     0
    11
    10
     0
     0
   339
    27
     9
    18
     0
    99
     6
     0
     6
     9
    22
    37
    40
    42
    45
     0
     0
     0
     9
     0
     0
     0
    15
    10
   397
     0
     6
    16
    24
   134
     6
    16
    17
    18
    20
    29
    29
    53
    28
     0
     0
     0
     0
     0
     0
    10
    12
     0
   387
    14
     9
     0
    34
   221
    32
    18
     0
    16
    12
    45
    52
    77
    24
     0
     0
     0
     0
     0
     0
     0
     0
    10
   459
     0
    10
     0
    20
   143
     0
    12
     0
     0
    20
    31
    44
    40
    41
    10
     0
     0
     7
    10
     0
     0
     0
     0
   381
     0
     8
     8
    18
    56
     7
     8
     0
     8
     7
    48
    60
    17
    53
     0
     8
     7
     0
     9
    11
     6
     0
     0
   244
   324
    10
    13
    20
    15
     0
     0
   146
    93
    17
     7
     9
    41
    71
    75
     0
     9
     0
     0
     0
    16
     0
     0
   218
   236
     9
     0
     7
     9
     7
     7
   124
   119
    18
     0
     9
    53
    59
    50
     0
     0
     0
     0
     0
     0
    10
     0
   521
     7
    18
     0
     0
   142
    25
    15
     0
    16
     8
    35
    23
    16
    64
     0
     0
     0
     0
     0
     0
     0
    20
     0
   384
     7
     8
    19
     6
   120
    30
    21
     8
     0
     0
    14
    72
    18
    27
     0
     0
     0
     0
     0
     0
     0
    12
     0
   292
     0
    27
     0
     0
   115
    19
    30
     0
    10
    24
    41
    38
    57
    44
     0
     0
     7
     0
     0
     0
     0
     0
     0
   466
     7
     0
    28
    10
   103
     8
    22
     0
    20
    22
    37
    53
    44
    63
     0
    16
     0
     9
     0
    10
     0
    11
     0
   451
     0
     8
    26
     7
   109
     6
    13
    19
    10
    34
    24
    39
    46
    53
     0
     6
     8
     0
     0
     0
     0
     8
     0
   160
   247
     0
     0
     6
    17
    16
    13
   103
   119
     8
     0
    28
    32
    14
    27
     6
     0
     0
     0
    12
     0
    14
    18
   236
   204
    20
     8
    20
    10
    35
     0
   151
   127
     0
    21
     7
    44
    48
    24
     0
     0
     0
     0
     0
     0
     0
     0
   467
    11
    27
     0
     0
   172
     7
    15
    33
     7
    16
    38
    27
    17
    56
     0
     0
     0
     0
     8
     0
     0
    10
     0
   392
    17
    23
     0
    10
   177
     7
     0
     8
    12
    10
    29
    35
    44
    65
     0
    11
     0
     0
     0
     0
     0
    15
    16
   327
     9
    18
     7
     9
   132
    29
    13
     0
    20
    10
    54
    79
    36
    72
     0
     0
     0
     0
     0
     0
     0
     0
     0
   408
     6
    15
    25
    10
   104
     9
     0
    15
     8
     6
    34
    39
    33
    41
     0
     6
     0
     0
     0
     0
     0
     0
     0
   438
     0
    14
    21
     0
   168
    15
     0
     7
     9
    23
    70
    31
    34
    96
     0
     0
     0
     0
     0
     8
     0
     0
     0
   374
   183
    25
     9
    24
    17
    26
     0
   120
   147
    10
    13
     9
    26
    94
    26
    19
    17
     8
     9
    13
     0
     7
    10
   199
   298
     0
     0
     0
    17
    13
    16
   155
    86
    16
     0
     6
    52
    59
    73
     0
     0
     0
     0
     0
     7
     0
     0
   396
     8
    17
     0
     9
   129
     0
    17
    26
     8
     0
    53
    63
    46
    60
     0
     8
     0
     0
     0
     0
    12
     0
     9
   437
     0
     9
    13
    18
    88
    22
     7
     0
    13
     7
    21
    72
    32
    69
     0
     0
     0
     0
     0
     0
     0
     0
     0
   553
     7
    26
    29
     0
   219
     9
     0
     0
     8
    10
    44
    56
    22
    50
     0
     0
     0
    16
     9
     0
     0
     0
     0
   395
    12
     7
     9
    21
    98
    11
    14
     0
     0
    20
    39
    50
    61
    75
     0
     0
    11
     0
     0
     0
     0
     0
     0
   413
    14
     0
     0
     0
   129
     7
    13
    21
    24
     0
    20
    51
    45
    43
     0
     0
     0
     9
     0
     9
     6
    10
     8
   358
   208
    16
     6
    18
    13
    27
    16
    95
   159
     6
    23
     0
    18
    48
    46
     0
     9
     9
    26
    27
     9
    10
     0
   215
   258
     9
    27
    16
    34
    20
    15
   182
    99
     7
    25
    15
    25
    56
    49
     0
     9
     0
     0
     0
     0
     0
     8
   368
    12
     0
     0
    15
   117
    10
    17
    17
    31
     6
    63
    49
   112
    54
     0
     0
     0
     0
    11
     0
     0
     9
     0
   473
    17
     0
    11
    17
   117
     0
    19
     0
     7
    10
    15
    15
     6
    41
     7
     0
    10
    16
     0
     6
     0
     0
     0
   517
     0
     0
     9
    12
   177
     9
     8
    15
     0
     9
    67
    24
    22
    32
     0
     0
    19
     8
    10
     0
     7
     0
     7
   481
    19
    16
    15
     0
   172
     0
    19
    22
     9
    10
    42
    34
    38
    23
    15
     0
     0
     7
     0
     0
     8
     0
    12
   514
     6
    14
     7
     7
   117
     7
     0
    16
    15
    18
    68
    77
     8
    51
     0
     6
     0
     0
     0
     0
     0
     0
     0
   188
   315
    10
     6
    19
     0
     8
     8
    65
   218
    19
     6
    10
    81
    48
    50
    12
     0
     9
     0
     0
    10
     0
     0
   279
   257
    18
    28
    10
     0
     0
    28
    61
   107
    24
     9
    17
    29
    56
    51
    16
     0
     0
     0
     0
     0
     0
     0
   400
    34
     0
    24
    11
   127
     8
     9
     8
     0
    10
    46
     8
    52
    48
     8
    10
    11
     0
     0
     0
     0
     6
     0
   414
     8
    19
    32
    20
   151
    14
     0
    23
    24
    18
    28
    39
    61
    14
     0
     8
     8
     7
     0
     0
     0
     0
     7
   522
     0
     0
    10
     0
   213
    21
    20
     0
     0
    14
    30
    50
    34
    17
     8
     0
     0
     0
     0
     0
     0
     0
     0
   455
    21
     0
     0
    11
   152
     0
     9
    10
     0
    15
    46
    15
    24
    61
     0
     0
     0
     0
    10
     0
     0
     0
     0
   396
    14
     0
     0
     9
   136
    19
     8
     8
    19
    15
    33
    56
    35
    39
     0
    15
     0
    18
     0
    12
     8
     0
     0
   328
   243
     9
     8
     0
     0
     9
     9
    59
   102
     9
     0
     9
    32
    80
    27
    18
     0
     0
     0
     0
    14
     0
     0
   259
   223
    34
     0
    18
     0
     9
    23
   122
   105
     8
    17
     0
    69
    24
    67
     0
     0
     0
     0
     0
     0
     0
     0
   361
     0
    36
     8
    22
   109
     6
     7
     0
     0
     0
    34
    35
    62
    51
     9
     0
     0
     6
     0
     0
    12
     0
     0
   512
    18
    16
     8
     6
   203
    14
    16
     0
    20
     7
    32
    33
    42
    25
     0
     0
     0
     7
     9
     0
     0
    11
     8
   357
    15
     0
     0
     8
   120
     9
    18
     0
     0
     0
    18
    46
    52
    72
     0
     0
     0
     0
     0
     0
     0
     9
    12
   339
     0
    12
     0
     0
   183
     8
     7
    19
     6
    44
    76
    62
    22
    37
     0
     8
     0
     0
     0
     0
    10
     0
     6
   416
    21
    10
     9
     0
   183
     0
     0
    18
     7
     0
    47
    32
    55
    75
     0
     9
     8
     8
    17
     9
     9
     7
     7
   242
   197
     7
     0
     7
    25
     0
    22
   105
    86
     6
    16
    21
    20
    27
    79
     7
     8
     0
    11
     9
    20
     0
     0
   236
   224
    11
     8
    21
    14
    26
    16
    69
   152
    18
     9
     0
    87
    72
     8
     0
     0
     0
     0
     0
     0
     0
     6
   461
     6
     7
     8
     9
    80
    18
     0
     8
     0
    10
    41
    31
    41
    33
    10
     0
     0
     0
     0
     0
     0
     0
    11
   348
    14
     7
    20
     0
   233
    17
    12
     0
     9
     7
    73
    53
    21
    43
     0
     0
     0
     0
     0
     0
    10
     0
     0
   429
     0
     9
    27
    16
   132
    17
     0
     6
    10
    10
    41
    60
    62
    52
     0
     0
     7
     9
     0
     0
     0
     0
     0
   461
     6
     0
    12
     9
   176
    18
    25
     6
     9
    18
    50
    66
    30
    25
     9
     0
    21
     6
     0
     0
     0
     0
     0
   424
    33
    10
     0
    17
   174
     0
    16
     7
     6
     0
    32
    44
    32
    19
     8
     0
     0
    10
     0
     8
     0
    21
     0
   281
   282
     8
    29
    13
     0
     0
     9
   135
    90
     9
     7
     8
    82
    25
    23
     7
     0
     7
    11
     0
     0
     0
    17
   247
   245
     0
    18
     0
    17
     0
    26
   120
   163
    26
     0
     8
    41
    74
    67
     0
     0
     0
     0
    10
     0
     8
     7
   518
    17
     8
     7
     9
   108
     0
     9
    18
    23
     0
    43
    10
    14
    29
     8
     0
     0
     0
     0
     0
     0
     0
     8
   464
    10
    27
     7
    19
   141
     0
     8
     6
    20
     0
    46
    30
    60
    43
     0
     0
    16
     7
     0
     0
     0
     0
     0
   428
    11
    20
    16
    28
   156
    17
     7
     0
    23
     9
    18
    32
    35
    36
     0
     0
     0
     0
     0
     0
     0
     0
     8
   384
    15
    14
     0
    17
   161
     0
     0
    11
     0
    10
    49
    44
    35
    89
     0
     0
     0
     8
     0
     0
     0
     0
     0
   402
    26
     0
     8
     0
   157
     9
    15
     8
     6
     6
    54
    19
    63
    31
     0
    25
     0
     0
     0
     0
     8
    25
     9
   230
   212
    15
     0
     0
     6
    34
     0
   177
   112
    25
    25
    15
    57
     8
    65
     0
     8
     8
    13
     0
     0
     0
     0
   155
   255
     7
    19
     6
    11
    31
     0
   156
   196
    21
     0
    23
    56
    54
    33
     0
     0
     0
     0
     8
     0
     0
     0
   385
     0
     0
     0
    10
   118
     0
    15
     0
     0
    13
    28
    60
    32
    70
     0
     0
     0
     0
     0
     0
     7
    11
     0
   481
     7
     0
     0
     0
   181
    10
     8
     0
    17
    26
    34
    55
    46
    46
     0
     0
     0
     0
     0
     0
     0
     0
     0
   443
    10
     7
    38
    19
   106
     0
     7
     0
    11
    17
    37
    51
    24
    67
     0
     0
     0
     0
     0
     0
     0
     8
     0
   470
    10
    10
    17
    11
   104
     7
     8
    33
     7
    12
    33
    25
    74
    74
     7
     0
     0
     0
     9
     0
     0
     0
     0
   501
     0
    17
     9
    16
   156
     9
    12
    18
    32
    27
    43
    22
    33
    88
     0
     0
     9
     0
     0
     0
     0
     0
     0
   256
   206
     8
    29
     9
     8
     0
     7
   122
   127
    28
    17
     7
    65
    79
    29
     0
     9
     9
     0
    15
     7
     7
    11
   242
   242
     7
     8
    14
     0
    23
    31
   124
   164
    11
    20
     7
    44
    35
    23
     0
     8
     0
     0
     0
     0
     0
     0
   492
    21
     9
    12
    20
    83
     0
     0
    11
     8
    23
    58
    54
    54
    38
     0
     9
     0
     0
     0
     0
     0
     0
     0
   527
     0
     0
     0
    36
   138
     0
    10
    10
     0
     0
    33
    27
    20
    29
     0
     0
     0
     0
     0
     0
     0
     0
     0
   439
    17
     8
     7
    16
   138
     8
     8
     0
    15
    19
    35
    64
    71
    24
     0
    17
     0
     0
     0
     0
     0
     0
     0
   456
     9
    16
     9
     0
   238
    25
    12
    41
     0
     6
    66
    40
    31
    96
     0
     8
     8
     0
     0
     0
     6
     0
     0
   442
     0
    14
    28
     8
   156
     7
    26
     7
    16
     7
    53
    54
    59
    71
     0
     0
     0
     0
     0
     7
     0
     9
     0
   194
   162
     6
    10
     9
     8
    15
     6
   110
   138
     0
     0
     0
    55
    74
    46
     0
    18
    15
    10
     0
     6
     0
     0
   302
   280
    20
     0
    16
     9
    12
     9
   103
   109
    10
     0
     0
    32
    26
    65
     0
     0
     0
     0
     0
     0
     0
     0
   590
    17
    15
    14
    16
   199
     7
    24
     0
    20
     0
    45
    27
    30
    37
     0
     0
     0
     0
     8
     0
     0
     0
     8
   470
    20
     7
    14
    20
   164
     0
     8
    18
     0
    24
    29
    35
    59
    22
     8
     0
     0
     0
     0
     0
     0
     6
     0
   434
     0
     0
     0
     0
   185
    16
     0
     7
    18
    10
    77
    81
    52
    61
     0
     8
    17
     0
     0
     7
     7
     0
     6
   463
    23
     8
    17
    16
   115
    23
    15
     8
     6
     6
    13
    61
    31
    54
     0
     9
     0
     6
     0
     9
     0
     0
     8
   489
    28
    10
    18
    12
   184
     0
     8
     0
     0
    22
    35
    51
    36
    25
     0
     0
     0
     0
     0
    30
     0
     0
     0
   247
   196
    17
     8
     8
    25
    26
     0
    87
   153
     0
    11
     0
    56
    31
    42
     9
     0
     0
    10
     0
     0
     0
     0
   197
   158
     0
     8
    10
    24
    17
    17
    85
    76
    23
    24
    32
    65
    30
    40
     0
     0
     9
     0
     0
     9
     6
     0
   500
    52
    13
    33
    18
   169
     0
     0
    29
     0
    10
    11
    26
    50
    90
     0
     0
     0
     0
     0
     7
    11
     0
     0
   478
    13
     0
     7
     0
   159
     6
     7
     7
     0
    28
    24
    39
    76
    46
     0
     0
     0
     6
     0
     7
     0
     0
     0
   574
     7
    16
     0
    18
   152
     0
    10
     0
    16
    13
    51
    24
    19
    48
     0
     0
     7
     0
     9
     0
     0
     9
     0
   416
    10
    11
     0
    15
   188
    10
     8
    12
     0
    20
    45
    36
    23
    17
     0
     0
     0
     0
     0
     0
     0
     0
    10
   489
     7
    34
    14
     6
   122
    24
    18
    27
    14
     0
    37
    60
    34
    51
     6
     0
     0
     0
     0
     0
     9
     6
    16
   292
   245
     0
     8
     8
    20
    17
     0
    91
   158
     0
    36
    14
    85
    45
    38
     0
     0
     0
     0
     0
     0
    17
     7
   275
   239
    24
     0
     0
    10
     0
    16
   107
   175
    17
    13
     9
    45
    44
    64
     0
     0
     0
     0
     0
     9
     0
     0
   440
     8
     0
    20
     0
   134
     9
     0
     9
    10
     0
    31
    27
    49
    82
     7
     0
     0
     0
     0
     0
     0
     0
     0
   457
    10
    29
    16
    16
   141
     9
    30
    15
     0
    39
    39
    39
    31
    28
     0
    10
    26
     0
     0
     0
     0
     0
     6
   540
     6
     8
    23
    29
   109
    16
     0
     0
    28
     9
    46
    29
    47
     7
     0
     8
    10
     0
    10
     0
     0
     0
     0
   504
     7
    17
    20
     9
   127
    22
     6
     0
     0
    10
    26
    48
    53
    43
     0
     0
     9
     6
     0
     0
     0
     0
     0
   506
    17
    10
    17
    21
   142
     7
    24
     6
    16
    24
    19
    69
    42
    67
     0
     7
     0
     0
     8
     9
     6
     8
     0
   250
   272
    29
    16
    22
    15
    41
     8
   122
   139
     9
    17
     0
    16
    94
     8
    17
    10
     0
    17
     0
    10
     0
     0
   283
   285
     0
     7
     0
    15
     7
     9
    78
   153
     8
     7
     7
    62
    43
    54
     0
     0
     0
     7
     0
     0
     0
     0
   505
    13
     8
     6
    11
   130
    17
     9
    11
    18
    33
    37
    88
    37
    58
    10
     0
     0
     0
     8
    11
     0
     0
     0
   439
    19
     8
    18
     0
   195
     0
     8
    10
    19
     0
    42
    44
    76
     6
     0
     0
     0
     0
     0
     0
     0
     0
     8
   531
    17
    22
    23
     7
   142
     7
    16
    28
     0
     6
    39
    54
    38
    30
    10
     0
     0
     0
     0
     0
     0
     0
     0
   444
    23
    16
     0
    19
   208
    17
     0
     0
    17
    16
    48
    27
    41
    55
     0
     0
     0
     0
     7
     0
     0
     8
     0
   456
    11
     8
     0
     0
   221
     7
    11
    10
     7
     9
    52
    69
    31
    36
     0
     6
     0
    10
     6
     0
    13
     0
     0
   265
   297
    11
     8
     7
    23
     9
    25
   130
   161
    10
    33
    24
    74
    54
    24
    15
     8
     0
     0
     9
     0
     0
     6
   289
   251
    17
    31
    22
    24
     7
     7
   120
   117
     0
     0
    14
    15
    65
    38
     6
     0
     0
     0
     0
     0
     0
     0
   515
    11
     0
    26
     0
   162
     0
    10
     0
    23
     9
     7
    23
    34
    33
    10
    12
     0
    14
     0
     0
     0
     0
     9
   487
    14
    25
    10
    14
   169
     0
     8
    20
    14
     7
    50
    58
    53
    19
    10
     0
     0
     0
     0
     0
     0
    12
     7
   610
     0
    12
    25
     0
   125
    15
     7
    11
    18
    32
    66
    43
    63
    72
     0
     9
     0
     8
     7
     0
     0
     0
     0
   483
     0
    30
    27
     0
   109
     6
    30
     9
     0
    19
    50
    55
    58
    96
     0
     0
     0
     0
     0
     8
     0
     6
     0
   586
     7
    16
     7
     0
   182
     0
    23
     0
     0
     9
    16
    82
    37
    38
     0
     0
     0
     0
     0
     0
     0
     0
     0
   229
   284
    17
     0
    16
     6
     7
     0
   146
    81
    12
     0
     7
    37
    63
    44
     0
     0
     0
    12
     6
     0
     7
    10
   189
   259
    20
    25
    18
     0
    28
    26
   157
   117
     8
     9
     0
    31
    65
    34
     0
     0
     0
     0
     0
     0
     0
     7
   565
     7
     0
     8
    30
   140
     0
    19
    22
    25
    20
    53
    37
    49
    90
     0
     7
     0
     0
     0
     0
     0
     0
    18
   329
     6
     7
    16
    14
   196
    16
     9
     0
     0
    10
    35
    32
     7
    15
     6
     0
     0
     0
     0
     8
     8
     0
     9
   479
    22
     0
     7
     0
   200
    19
    11
     8
     8
     0
    10
    30
    52
    31
     0
     0
     0
     0
     0
     0
     0
     0
     0
   418
     7
    10
     8
    12
   173
     7
    26
     8
     7
    20
    50
    31
    43
    79
     0
     0
     0
     0
    12
     0
     0
    10
     0
   495
     0
    25
    14
    25
   172
    17
    28
    26
    15
     8
    23
    72
    55
    22
    11
     6
     0
     0
    20
     0
     9
     0
     0
   284
   237
     8
    32
    28
     9
    28
    26
   161
   152
    16
    14
    41
    68
    92
    48
     0
     0
     8
     0
    14
     9
     0
    20
   303
   224
    26
     7
    14
     0
     0
     0
    93
    81
    15
    10
    10
    61
    86
    73
     0
     7
     0
     0
     0
     0
     0
    17
   479
    16
    10
    11
    24
   173
    17
     7
     0
    20
    17
    48
    58
    25
    73
     9
     0
     0
     0
     8
     0
     0
     0
     0
   485
     0
    20
     7
     9
   213
     9
     0
     9
     0
    14
    36
    35
    48
   127
     0
     0
     0
     0
     0
     0
     0
     0
     0
   460
    12
    14
     0
    23
   173
     9
    16
     9
    14
    14
    41
    47
    58
    65
     0
     0
    14
     0
     0
     0
     7
    12
     0
   497
    17
     7
    41
    11
   111
     0
    20
    17
     9
    10
    60
    38
    52
    16
     0
     0
     0
     8
     0
     9
     0
     0
    10
   406
     7
     0
    20
    14
   171
     8
    28
     9
     0
    10
    35
    48
     7
    65
     0
     7
     8
     8
     0
     0
     0
     0
     0
   280
   344
     0
    21
     7
     6
    18
     9
   154
   170
    10
    37
     0
    60
    77
    57
     0
     9
    10
     0
     7
    18
     0
     0
   235
   317
     0
    14
    15
    21
     0
     0
   125
   109
     9
     9
    15
    24
    42
    71
     0
     8
     0
     8
     0
     0
     0
     0
   446
     6
    18
    17
     8
   176
    22
    29
     6
    14
     0
    67
    53
    21
    72
    12
     0
     0
     0
     0
     0
     0
     0
     0
   432
    27
     0
    10
    23
   148
     0
    16
    32
     0
    35
    52
    19
    85
    39
     9
     0
     0
     0
     0
     0
     0
     0
     0
   391
    17
    27
    16
     0
   107
     0
    28
     9
    17
    43
    44
    37
    65
    29
     0
     7
     0
     0
     8
     0
     0
     0
     0
   557
    26
     6
     9
    10
    93
    10
     0
     7
    32
    17
    81
    71
    61
    13
     0
     0
     0
     7
     0
     0
     0
     0
     0
   509
    15
    21
    28
    12
   204
     0
     9
     8
    10
     7
    73
    27
    86
    40
     0
    14
     8
     0
     9
    11
    12
     6
     0
   300
   376
    10
     0
     9
    13
     8
     8
   200
    92
     8
     0
    28
    52
    63
   121
     0
    10
    14
     0
     7
     0
     0
     0
   282
   167
    28
    18
    15
    21
     7
    23
   153
   111
    16
     9
    23
    82
    50
    25
     0
     0
     0
     0
    10
     7
     9
     0
   432
    16
    15
    25
     0
   178
    29
    15
     6
    16
    15
    63
    55
    57
    67
     0
     0
     0
     0
     0
     0
     0
     0
     0
   483
    22
    14
    32
    41
   151
     7
     0
    16
     8
     7
    30
    66
    24
    29
     0
     0
     0
     8
     0
     9
    18
     0
     0
   421
     8
     9
     7
    11
   188
    17
     9
     0
    32
    19
    39
    50
    65
    51
     0
     0
     0
     0
     0
     0
     8
     0
     7
   568
    10
    16
    17
    10
   109
     8
    19
     8
     0
    27
    37
    66
    47
    13
    20
     0
     0
     0
     7
     0
     0
     0
     0
   513
     6
     7
     8
    10
   128
     0
    28
     0
     0
    17
    75
    35
    83
    70
     6
     0
     0
     0
     0
     0
     8
     6
    12
   291
   310
    18
     9
     9
    22
     0
    19
   116
   127
     8
    16
    10
    41
    31
    73
     0
    21
     0
     0
     7
     6
    17
     0
   296
   355
    14
    27
     9
    17
    26
    25
   118
   137
     9
     9
    30
    41
    63
    46
     0
     0
     0
     0
     0
     0
     9
    10
   377
     6
     0
    10
    10
    97
    10
     7
    25
     6
    21
    48
    31
    59
    67
     0
     9
     0
     0
     0
     0
     0
     0
     0
   586
    37
    28
    37
    29
    98
    15
     8
     6
     9
    15
    35
    23
    41
    23
     0
     0
     0
     0
     0
     0
     0
     0
     0
   474
    10
    11
    12
    21
   127
    26
     7
    16
     7
    27
    31
    63
    81
    27
     0
     0
     0
     0
     0
     0
    23
     0
     0
   567
     0
     8
     8
    11
   159
     8
    20
     7
    20
     0
    61
    66
    26
    52
    10
     7
     8
     6
     0
     0
     0
     0
     0
   509
     8
     0
    22
    24
   170
    15
    24
     6
     7
    14
    32
    39
    62
    28
     0
     0
    24
     0
     0
     7
    15
     0
     0
   298
   330
    11
     6
    29
    25
     9
     8
    96
   156
     7
     9
    23
    72
    76
    70
     6
     8
     0
     0
    11
     0
     0
     0
   334
   214
    14
    15
    21
    14
     7
     8
   140
   171
    22
     0
     0
    23
    67
    60
     0
     0
     9
     0
     0
     0
     0
     0
   518
     0
    27
    16
     0
   127
     0
    11
     9
     0
     6
    30
    50
    46
    53
    11
    10
     0
     0
     0
     0
     0
     0
     0
   444
    32
     6
     9
    12
    83
    26
     8
     9
    17
     0
    53
    21
    33
    48
     0
     0
    10
     0
     0
     0
     0
     0
     8
   515
    12
     9
     8
     0
   154
     7
    11
    11
     0
     6
    74
    81
    68
    32
     0
     0
     0
     0
    15
     0
     0
     0
     0
   409
     7
    18
    29
    17
   143
     0
    21
     9
     0
     0
    91
    52
    63
    51
     0
     8
     0
     0
    12
     0
     0
     0
     0
   474
    18
     7
    31
     0
   208
     0
    10
     8
    18
     0
    23
    18
    57
    37
     0
    10
     8
     7
     7
     9
     0
    11
     0
   342
   251
     0
    24
    22
    18
    10
    35
    97
    99
     6
    12
    12
   127
    67
    81
    16
     9
     0
     0
    16
    17
     0
     0
   307
   246
     6
    16
     7
    10
    32
    18
   121
   125
    16
    27
     9
    52
    53
    53
     6
     0
     0
    11
     0
     0
     7
     0
   497
    19
    18
     9
    17
   117
     0
     0
     9
    28
     8
    75
    23
    67
    45
     0
     0
     0
     0
     0
     0
     0
     0
     0
   485
     0
     6
     0
     0
   173
    22
    25
     0
     9
    22
    66
    34
    41
    30
     8
     0
     6
     0
     0
     0
     9
     0
     0
   607
     0
    24
     0
     7
   118
     7
    12
    23
     0
     9
    85
    67
    32
    57
     0
     0
     0
     0
     0
     8
     0
     0
     6
   510
    25
    30
    52
    25
   155
     0
    33
     8
     0
    29
    30
    38
    56
    38
     8
     0
     0
     0
     7
    11
     0
     0
     0
   412
    48
     7
     6
     0
   189
    15
     9
    36
     0
    51
    39
    36
    84
    61
     0
     9
     0
     7
     7
    15
     0
     0
    19
   232
   309
    22
    23
     0
    33
    38
    19
   186
   129
    34
    15
     9
    52
    56
    31
     0
     0
     8
     0
     0
    17
     0
     7
   270
   333
     0
    26
    11
    26
    10
     6
   196
   160
    15
    10
    40
    46
    67
    80
     0
     0
     0
     0
     0
     0
     0
     7
   587
     7
     0
     0
    10
   215
     8
    32
     0
     9
     8
    46
    35
    21
    42
     0
     0
